14.5125 0
46.4399 0.00598145
79.8186 0.00921631
114.649 0.0045166
148.027 0.00854492
179.955 0.00946045
214.785 0.012085
246.712 0.0147705
277.188 0.0078125
313.469 0.00714111
345.397 0.012146
377.324 0.00720215
412.154 0.00390625
444.082 0.0130615
477.46 0.00823975
513.741 0.0657959
545.669 0.0314941
576.145 0.156006
612.426 0.0874634
645.805 0.0830688
676.281 0.108337
712.562 0.0958862
744.49 0.1026
776.417 0.102295
812.698 0.101685
844.626 0.110168
876.553 0.106384
912.834 0.102051
947.664 0.0952759
976.689 0.103394
1015.87 0.102356
1046.35 0.0928345
1076.83 0.0800171
1113.11 0.0701904
1145.03 0.0740967
1181.32 0.0803833
1213.24 0.0709839
1245.17 0.0649414
1281.45 0.0549316
1311.93 0.0547485
1345.31 0.0464478
1380.14 0.0385742
1413.51 0.0407104
1443.99 0.0441284
1481.72 0.039978
1512.2 0.0437012
1545.58 0.0411377
1580.41 0.0275879
1612.34 0.0480957
1644.26 0.0306396
1682 0.0415649
1713.92 0.0362549
1744.4 0.0490723
1780.68 0.0286255
1814.06 0.0272217
1844.54 0.02948
1882.27 0.0334473
1912.74 0.0287476
1944.67 0.0393677
1979.5 0.0335083
2012.88 0.0248413
2044.81 0.0247803
2081.09 0.0183716
2113.02 0.00970459
2144.94 0.0140991
2181.22 0.0195312
2216.05 0.0214233
2246.53 0.0203247
2279.91 0.0230103
2313.29 0.0147705
2345.22 0.0161133
2381.5 0.0211792
2413.42 0.0170898
2448.25 0.0241699
2481.63 0.0194092
2512.11 0.0205078
2548.39 0.019165
2580.32 0.0132446
2613.7 0.0175171
2648.53 0.024292
2680.45 0.0291748
2712.38 0.0238647
2748.66 0.0222778
2780.59 0.0192871
2812.52 0.0187988
2848.8 0.0176392
2880.73 0.0169067
2914.1 0.0134888
2948.93 0.0153809
2982.31 0.0159302
3012.79 0.0184326
3049.07 0.00811768
3081 0.0106812
3112.93 0.010498
3149.21 0.00982666
3181.13 0.010437
3213.06 0.0105591
3249.34 0.00463867
3281.27 0.00750732
3313.2 0.00683594
3349.48 0.00946045
3381.41 0.00921631
3413.33 0.00878906
3448.16 0.0126343
3480.09 0.00762939
3513.47 0.00897217
3548.3 0.00836182
3580.23 0.00628662
3615.06 0.0125732
3648.44 0.00946045
3681.81 0.00872803
3715.19 0.0127563
3748.57 0.0112915
3781.95 0.00958252
3815.33 0.013855
3848.71 0.0109253
3880.64 0.0113525
3915.47 0.00976562
3948.84 0.0148926
3980.77 0.0106812
4015.6 0.010498
4051.88 0.0057373
4080.91 0.00921631
4115.74 0.00762939
4149.12 0.00372314
4181.04 0.0102539
4215.87 0.00726318
4249.25 0.0065918
4281.18 0.00909424
4316.01 0.0078125
4349.39 0.00897217
4381.32 0.0109253
4416.15 0.015625
4449.52 0.0114746
4480 0.0159302
4514.83 0.0214233
4548.21 0.0109253
4580.14 0.0192871
4620.77 0.0183716
4648.35 0.0202026
4681.72 0.0231323
4715.1 0.0286865
4748.48 0.0401001
4781.86 0.0632324
4815.24 0.0722046
4848.62 0.0829468
4883.45 0.0917358
4915.38 0.101562
4948.76 0.111389
4986.49 0.1073
5015.51 0.0958862
5048.89 0.0858154
5086.62 0.0770874
5115.65 0.0889893
5149.03 0.0894775
5183.86 0.0720825
5215.79 0.0665894
5249.16 0.0662231
5286.9 0.0753784
5315.92 0.0749512
5349.3 0.0769043
5384.13 0.0615234
5416.06 0.0657349
5449.44 0.0766602
5484.27 0.0856323
5516.19 0.117493
5548.12 0.0770264
5585.85 0.0876465
5614.88 0.0721436
5648.26 0.0792847
5685.99 0.0737305
5715.01 0.0736694
5748.39 0.0666504
5786.13 0.0797119
5818.05 0.0731201
5848.53 0.0775757
5883.36 0.086731
5915.29 0.0581055
5948.67 0.0791626
5986.4 0.0812378
6015.42 0.0684204
6051.7 0.0807495
6083.63 0.0681763
6118.46 0.0854492
6153.29 0.0749512
6183.77 0.0811157
6215.69 0.079834
6253.43 0.0881348
6286.81 0.0882568
6315.83 0.0899658
6353.56 0.086853
6386.94 0.0872192
6415.97 0.0854492
6453.7 0.0805054
6484.18 0.0814209
6516.1 0.0720215
6555.29 0.0706177
6587.21 0.0739136
6619.14 0.0707397
6653.97 0.0651245
6685.9 0.0671387
6714.92 0.0622559
6754.11 0.0649414
6786.03 0.0657959
6815.06 0.06073
6854.24 0.065918
6883.27 0.0657959
6915.19 0.0696411
6954.38 0.0651245
6986.31 0.0683594
7015.33 0.0741577
7054.51 0.081665
7083.54 0.085083
7115.47 0.0808105
7153.2 0.081604
7186.58 0.0765991
7221.41 0.085144
7254.79 0.0758667
7283.81 0.0568237
7321.54 0.0686646
7353.47 0.0668945
7385.4 0.0800171
7421.68 0.0808716
7453.61 0.0796509
7484.08 0.0895386
7520.36 0.0807495
7553.74 0.0771484
7587.12 0.0864258
7620.5 0.0858765
7653.88 0.0961304
7685.81 0.0886841
7720.64 0.153931
7752.56 0.0886841
7785.94 0.108398
7822.22 0.0918579
7854.15 0.098999
7886.08 0.0834351
7920.91 0.0759277
7952.84 0.06427
7986.22 0.0621338
8022.5 0.0584717
8055.88 0.0645752
8083.45 0.0629272
8121.18 0.0582275
8154.56 0.0612183
8183.59 0.0918579
8221.32 0.0826416
8253.25 0.0703125
8286.62 0.0681152
8321.46 0.069458
8351.93 0.0725098
8383.86 0.0638428
8421.59 0.0667114
8453.52 0.0861816
8488.35 0.0819092
8521.73 0.0769653
8555.11 0.071167
8588.49 0.0855713
8623.32 0.0812988
8653.79 0.0758057
8690.07 0.0785522
8722 0.0737305
8753.93 0.074646
8790.21 0.0751953
8820.69 0.0640869
8854.07 0.0638428
8890.35 0.0653687
8923.73 0.0628052
8954.2 0.0556641
8989.03 0.0598755
9022.41 0.0564575
9054.34 0.0550537
9089.17 0.0499878
9121.1 0.0552368
9154.48 0.0518799
9189.31 0.0534668
9221.23 0.0534668
9254.61 0.0569458
9289.44 0.0587158
9321.37 0.0631104
9354.75 0.0721436
9388.13 0.0682983
9421.51 0.0712891
9453.44 0.0800781
9489.72 0.081604
9521.64 0.0817261
9553.57 0.0681763
9589.85 0.086792
9620.33 0.0620728
9656.61 0.0508423
9689.99 0.0736084
9721.92 0.0700684
9756.75 0.079895
9790.13 0.0700073
9822.05 0.0769043
9856.88 0.0791626
9888.81 0.0844116
9920.74 0.0856934
9957.02 0.0963135
9988.95 0.146057
10020.9 0.119568
10057.2 0.108948
10089.1 0.0945435
10122.5 0.0863037
10157.3 0.0825806
10190.7 0.0699463
10221.2 0.0698853
10256 0.0614014
10289.4 0.057312
10321.3 0.0527954
10356.1 0.0509033
10389.5 0.0512085
10421.4 0.0458984
10456.3 0.050293
10489.6 0.0800171
10521.6 0.0708618
10557.8 0.0645142
10588.3 0.059082
10621.7 0.0549927
10656.5 0.0585327
10689.9 0.0499268
10721.8 0.076416
10756.7 0.0758057
10788.6 0.0655518
10822 0.0768433
10858.3 0.0684204
10890.2 0.0735474
10925 0.0698242
10956.9 0.0672607
10988.9 0.0688477
11025.1 0.0539551
11058.5 0.0583496
11089 0.0617065
11125.3 0.0640259
11157.2 0.0498657
11189.1 0.0491943
11225.4 0.0596924
11257.3 0.0462036
11289.3 0.0471191
11325.6 0.0480347
11357.5 0.0539551
11389.4 0.0570068
11424.2 0.0647583
11456.2 0.0670166
11489.5 0.0794067
11524.4 0.0814209
11556.3 0.0935669
11589.7 0.116089
11624.5 0.100647
11656.4 0.110352
11689.8 0.101379
11724.7 0.106873
11756.6 0.117554
11790 0.103027
11824.8 0.103943
11856.7 0.122131
11890.1 0.106689
11924.9 0.115967
11956.9 0.101013
11988.8 0.0847778
12025.1 0.0757446
12057 0.0804443
12093.3 0.0670166
12125.2 0.106079
12157.1 0.0518188
12192 0.0479126
12225.3 0.0811157
12255.8 0.043396
12292.1 0.0643311
12324 0.0514526
12357.4 0.0435181
12392.2 0.0466309
12425.6 0.0535889
12457.5 0.0473022
12492.4 0.0537109
12524.3 0.0462646
12556.2 0.0463257
12592.5 0.0506592
12625.9 0.0490112
12657.8 0.0532227
12692.6 0.0517578
12724.6 0.0545044
12756.5 0.0526733
12794.2 0.0540771
12824.7 0.048584
12856.6 0.0477295
12892.9 0.0675049
12924.8 0.0576782
12956.8 0.0595093
12993.1 0.0667725
13025 0.0461426
13056.9 0.0494385
13093.2 0.0560913
13125.1 0.0508423
13157 0.0510864
13193.3 0.0475464
13223.8 0.0494385
13257.2 0.0505981
13292 0.052063
13325.4 0.0714111
13361.7 0.0647583
13392.1 0.0830078
13424.1 0.0820312
13460.4 0.0795288
13493.7 0.0866089
13524.2 0.0944824
13560.5 0.0987549
13592.4 0.090271
13625.8 0.101074
13660.6 0.0997925
13692.6 0.103943
13724.5 0.103882
13760.8 0.0969849
13792.7 0.0971069
13824.6 0.095459
13860.9 0.0871582
13892.8 0.178833
13924.8 0.169983
13961 0.147583
13993 0.127686
14024.9 0.113464
14061.2 0.103821
14091.7 0.0895996
14125 0.0823975
14159.9 0.0744629
14191.8 0.0665283
14225.2 0.0541992
14260 0.0522461
14293.4 0.0546265
14325.3 0.0449219
14360.1 0.038147
14392.1 0.0316162
14424 0.0246582
14458.8 0.0198975
14492.2 0.0238647
14528.5 0.024231
14561.9 0.0112915
14592.3 0.0108032
14628.6 0.0176392
14660.5 0.0110474
14692.5 0.0134888
14728.8 0.0166016
14760.7 0.0105591
14792.6 0.342957
14828.9 0.238586
14860.8 0.15802
14892.7 0.105896
14929 0.0734253
14962.4 0.0440674
14992.9 0.122864
15027.7 0.015564
15059.6 0.00476074
15093 0.00994873
15129.3 0.00653076
15161.2 0.0078125
15193.2 0.0067749
15229.4 0.00817871
15261.4 0.0109253
15275.9 0.00671387 
