14.5125 0
46.4399 0
79.8186 -5.08597 -2.77708 -2.77472
114.649 -5.08597 -2.77708 -2.77472
148.027 -5.08597 -2.77708 -2.77472
179.955 -5.08589 -2.77716 -2.77476
214.785 -5.08589 -2.77716 -2.77476
246.712 -5.08589 -2.77716 -2.77476
277.188 -5.08697 -2.77722 -2.7747
313.469 -5.08697 -2.77722 -2.7747
345.397 -5.08697 -2.77722 -2.7747
377.324 -5.08681 -2.77727 -2.77444
412.154 -5.08681 -2.77727 -2.77444
444.082 -5.08681 -2.77727 -2.77444
477.46 -5.08522 -2.77717 -2.77422
513.741 -5.08522 -2.77717 -2.77422
545.669 -5.08522 -2.77717 -2.77422
576.145 -5.08532 -2.77583 -2.77433
612.426 -5.08532 -2.77583 -2.77433
645.805 -5.08532 -2.77583 -2.77433
676.281 -5.08209 -2.77457 -2.77287
712.562 -5.08209 -2.77457 -2.77287
744.49 -5.08209 -2.77457 -2.77287
776.417 -5.0774 -2.77013 -2.77274
812.698 -5.0774 -2.77013 -2.77274
844.626 -5.0774 -2.77013 -2.77274
876.553 -5.07186 -2.7615 -2.77061
912.834 -5.07186 -2.7615 -2.77061
947.664 -5.07186 -2.7615 -2.77061
976.689 -5.06382 -2.74996 -2.76619
1015.87 -5.06382 -2.74996 -2.76619
1046.35 -5.06382 -2.74996 -2.76619
1076.83 -5.0528 -2.73528 -2.75986
1113.11 -5.0528 -2.73528 -2.75986
1145.03 -5.0528 -2.73528 -2.75986
1181.32 -5.03929 -2.71912 -2.7513
1213.24 -5.03929 -2.71912 -2.7513
1245.17 -5.03929 -2.71912 -2.7513
1281.45 -5.02303 -2.6997 -2.74106
1311.93 -5.02303 -2.6997 -2.74106
1345.31 -5.02303 -2.6997 -2.74106
1380.14 -5.00366 -2.67869 -2.72939
1413.51 -5.00366 -2.67869 -2.72939
1443.99 -5.00366 -2.67869 -2.72939
1481.72 -4.98206 -2.65624 -2.7169
1512.2 -4.98206 -2.65624 -2.7169
1545.58 -4.98206 -2.65624 -2.7169
1580.41 -4.95818 -2.6321 -2.70328
1612.34 -4.95818 -2.6321 -2.70328
1644.26 -4.95818 -2.6321 -2.70328
1682 -4.93288 -2.60671 -2.68892
1713.92 -4.93288 -2.60671 -2.68892
1744.4 -4.93288 -2.60671 -2.68892
1780.68 -4.90671 -2.57874 -2.67435
1814.06 -4.90671 -2.57874 -2.67435
1844.54 -4.90671 -2.57874 -2.67435
1882.27 -4.87985 -2.55033 -2.65946
1912.74 -4.87985 -2.55033 -2.65946
1944.67 -4.87985 -2.55033 -2.65946
1979.5 -4.85081 -2.52006 -2.64472
2012.88 -4.85081 -2.52006 -2.64472
2044.81 -4.85081 -2.52006 -2.64472
2081.09 -4.82096 -2.48859 -2.63003
2113.02 -4.82096 -2.48859 -2.63003
2144.94 -4.82096 -2.48859 -2.63003
2181.22 -4.78962 -2.45726 -2.61529
2216.05 -4.78962 -2.45726 -2.61529
2246.53 -4.78962 -2.45726 -2.61529
2279.91 -4.75647 -2.42602 -2.60072
2313.29 -4.75647 -2.42602 -2.60072
2345.22 -4.75647 -2.42602 -2.60072
2381.5 -4.72308 -2.39472 -2.58623
2413.42 -4.72308 -2.39472 -2.58623
2448.25 -4.72308 -2.39472 -2.58623
2481.63 -4.69141 -2.36288 -2.57183
2512.11 -4.69141 -2.36288 -2.57183
2548.39 -4.69141 -2.36288 -2.57183
2580.32 -4.65761 -2.33184 -2.55743
2613.7 -4.65761 -2.33184 -2.55743
2648.53 -4.65761 -2.33184 -2.55743
2680.45 -4.62581 -2.30075 -2.54473
2712.38 -4.62581 -2.30075 -2.54473
2748.66 -4.62581 -2.30075 -2.54473
2780.59 -4.59561 -2.27393 -2.53145
2812.52 -4.59561 -2.27393 -2.53145
2848.8 -4.59561 -2.27393 -2.53145
2880.73 -4.56586 -2.2516 -2.52039
2914.1 -4.56586 -2.2516 -2.52039
2948.93 -4.56586 -2.2516 -2.52039
2982.31 -4.53828 -2.2313 -2.51163
3012.79 -4.53828 -2.2313 -2.51163
3049.07 -4.53828 -2.2313 -2.51163
3081 -4.51263 -2.21356 -2.50488
3112.93 -4.51263 -2.21356 -2.50488
3149.21 -4.51263 -2.21356 -2.50488
3181.13 -4.49022 -2.19769 -2.49974
3213.06 -4.49022 -2.19769 -2.49974
3249.34 -4.49022 -2.19769 -2.49974
3281.27 -4.47118 -2.18493 -2.49715
3313.2 -4.47118 -2.18493 -2.49715
3349.48 -4.47118 -2.18493 -2.49715
3381.41 -4.45512 -2.17358 -2.49595
3413.33 -4.45512 -2.17358 -2.49595
3448.16 -4.45512 -2.17358 -2.49595
3480.09 -4.44198 -2.16349 -2.49562
3513.47 -4.44198 -2.16349 -2.49562
3548.3 -4.44198 -2.16349 -2.49562
3580.23 -4.43032 -2.15496 -2.49618
3615.06 -4.43032 -2.15496 -2.49618
3648.44 -4.43032 -2.15496 -2.49618
3681.81 -4.42083 -2.14749 -2.49767
3715.19 -4.42083 -2.14749 -2.49767
3748.57 -4.42083 -2.14749 -2.49767
3781.95 -4.4118 -2.14195 -2.4995
3815.33 -4.4118 -2.14195 -2.4995
3848.71 -4.4118 -2.14195 -2.4995
3880.64 -4.4039 -2.13635 -2.50125
3915.47 -4.4039 -2.13635 -2.50125
3948.84 -4.4039 -2.13635 -2.50125 
3980.77 -4.39788 -2.13239 -2.50284
4015.6 -4.39788 -2.13239 -2.50284
4051.88 -4.39236 -2.12913 -2.50435
4080.91 -4.39236 -2.12913 -2.50435
4115.74 -4.39236 -2.12913 -2.50435
4149.12 -4.39236 -2.12913 -2.50435
4181.04 -4.38873 -2.12553 -2.50599
4215.87 -4.38873 -2.12553 -2.50599
4249.25 -4.38873 -2.12553 -2.50599
4281.18 -4.38635 -2.12219 -2.50747
4316.01 -4.38635 -2.12219 -2.50747
4349.39 -4.38635 -2.12219 -2.50747
4381.32 -4.38474 -2.11912 -2.50872
4416.15 -4.38474 -2.11912 -2.50872
4449.52 -4.38474 -2.11912 -2.50872
4480 -4.38346 -2.11697 -2.51016
4514.83 -4.38346 -2.11697 -2.51016
4548.21 -4.38346 -2.11697 -2.51016
4580.14 -4.38213 -2.11544 -2.51075
4620.77 -4.38213 -2.11544 -2.51075
4648.35 -4.38213 -2.11544 -2.51075
4681.72 -4.38153 -2.1142 -2.51174
4715.1 -4.38153 -2.1142 -2.51174
4748.48 -4.38153 -2.1142 -2.51174
4781.86 -4.38054 -2.11185 -2.5123
4815.24 -4.38054 -2.11185 -2.5123
4848.62 -4.38054 -2.11185 -2.5123
4883.45 -4.37938 -2.10902 -2.51214
4915.38 -4.37938 -2.10902 -2.51214
4948.76 -4.37938 -2.10902 -2.51214
4986.49 -4.37873 -2.1069 -2.51199
5015.51 -4.37873 -2.1069 -2.51199
5048.89 -4.37873 -2.1069 -2.51199
5086.62 -4.37752 -2.10545 -2.5119
5115.65 -4.37752 -2.10545 -2.5119
5149.03 -4.37752 -2.10545 -2.5119
5183.86 -4.37609 -2.10383 -2.51187
5215.79 -4.37609 -2.10383 -2.51187
5249.16 -4.37609 -2.10383 -2.51187
5286.9 -4.37414 -2.10278 -2.51123
5315.92 -4.37414 -2.10278 -2.51123
5349.3 -4.37414 -2.10278 -2.51123
5384.13 -4.37134 -2.1018 -2.51008
5416.06 -4.37134 -2.1018 -2.51008
5449.44 -4.37134 -2.1018 -2.51008
5484.27 -4.36874 -2.10114 -2.5088
5516.19 -4.36874 -2.10114 -2.5088
5548.12 -4.36874 -2.10114 -2.5088
5585.85 -4.3657 -2.10227 -2.50764
5614.88 -4.3657 -2.10227 -2.50764
5648.26 -4.3657 -2.10227 -2.50764
5685.99 -4.36242 -2.10404 -2.50654
5715.01 -4.36242 -2.10404 -2.50654
5748.39 -4.36242 -2.10404 -2.50654
5786.13 -4.35999 -2.10584 -2.50564
5818.05 -4.35999 -2.10584 -2.50564
5848.53 -4.35999 -2.10584 -2.50564
5883.36 -4.35779 -2.10876 -2.50559
5915.29 -4.35779 -2.10876 -2.50559
5948.67 -4.35779 -2.10876 -2.50559
5986.4 -4.35638 -2.11205 -2.5057
6015.42 -4.35638 -2.11205 -2.5057
6051.7 -4.35622 -2.11668 -2.50593
6083.63 -4.35622 -2.11668 -2.50593
6118.46 -4.35622 -2.11668 -2.50593
6153.29 -4.35639 -2.12174 -2.5061
6183.77 -4.35639 -2.12174 -2.5061
6215.69 -4.35639 -2.12174 -2.5061
6253.43 -4.35724 -2.12688 -2.50642
6286.81 -4.35724 -2.12688 -2.50642
6315.83 -4.35724 -2.12688 -2.50642
6353.56 -4.35835 -2.13164 -2.50704
6386.94 -4.35835 -2.13164 -2.50704
6415.97 -4.35835 -2.13164 -2.50704
6453.7 -4.35971 -2.13594 -2.50757
6484.18 -4.35971 -2.13594 -2.50757
6516.1 -4.35971 -2.13594 -2.50757
6555.29 -4.36198 -2.13935 -2.50824
6587.21 -4.36198 -2.13935 -2.50824
6619.14 -4.36198 -2.13935 -2.50824
6653.97 -4.36427 -2.14245 -2.50867
6685.9 -4.36427 -2.14245 -2.50867
6714.92 -4.36427 -2.14245 -2.50867
6754.11 -4.36758 -2.14516 -2.50923
6786.03 -4.36758 -2.14516 -2.50923
6815.06 -4.36758 -2.14516 -2.50923
6854.24 -4.37064 -2.14814 -2.51014
6883.27 -4.37064 -2.14814 -2.51014
6915.19 -4.37064 -2.14814 -2.51014
6954.38 -4.37406 -2.15088 -2.51089
6986.31 -4.37406 -2.15088 -2.51089
7015.33 -4.37406 -2.15088 -2.51089
7054.51 -4.37703 -2.15394 -2.51159
7083.54 -4.37703 -2.15394 -2.51159
7115.47 -4.37703 -2.15394 -2.51159
7153.2 -4.37932 -2.15714 -2.51267
7186.58 -4.37932 -2.15714 -2.51267
7221.41 -4.37932 -2.15714 -2.51267
7254.79 -4.38134 -2.15931 -2.51318
7283.81 -4.38134 -2.15931 -2.51318
7321.54 -4.38134 -2.15931 -2.51318
7353.47 -4.38252 -2.16137 -2.51417
7385.4 -4.38252 -2.16137 -2.51417
7421.68 -4.38252 -2.16137 -2.51417
7453.61 -4.3831 -2.16359 -2.5153
7484.08 -4.3831 -2.16359 -2.5153
7520.36 -4.3831 -2.16359 -2.5153
7553.74 -4.38298 -2.16397 -2.51589
7587.12 -4.38298 -2.16397 -2.51589
7620.5 -4.38298 -2.16397 -2.51589
7653.88 -4.38146 -2.16324 -2.51583
7685.81 -4.38146 -2.16324 -2.51583
7720.64 -4.38146 -2.16324 -2.51583
7752.56 -4.37923 -2.16299 -2.51561
7785.94 -4.37923 -2.16299 -2.51561
7822.22 -4.37923 -2.16299 -2.51561
7854.15 -4.3784 -2.16198 -2.51426
7886.08 -4.3784 -2.16198 -2.51426
7920.91 -4.3784 -2.16198 -2.51426
7952.84 -4.37715 -2.163 -2.51329
7986.22 -4.37715 -2.163 -2.51329
8022.5 -4.37715 -2.163 -2.51329
8055.88 -4.37499 -2.16382 -2.51202
8083.45 -4.37499 -2.16382 -2.51202
8121.18 -4.37499 -2.16382 -2.51202
8154.56 -4.3732 -2.16385 -2.51142
8183.59 -4.3732 -2.16385 -2.51142
8221.32 -4.3732 -2.16385 -2.51142
8253.25 -4.37151 -2.16404 -2.51099
8286.62 -4.37151 -2.16404 -2.51099
8321.46 -4.37151 -2.16404 -2.51099
8351.93 -4.37026 -2.16453 -2.51096
8383.86 -4.37026 -2.16453 -2.51096
8421.59 -4.37026 -2.16453 -2.51096
8453.52 -4.36982 -2.16552 -2.5113
8488.35 -4.36982 -2.16552 -2.5113
8521.73 -4.36982 -2.16552 -2.5113
8555.11 -4.36859 -2.16783 -2.51226
8588.49 -4.36859 -2.16783 -2.51226
8623.32 -4.36859 -2.16783 -2.51226
8653.79 -4.36786 -2.16893 -2.5126
8690.07 -4.36786 -2.16893 -2.5126
8722 -4.36786 -2.16893 -2.5126
8753.93 -4.36768 -2.17053 -2.51333
8790.21 -4.36768 -2.17053 -2.51333
8820.69 -4.36768 -2.17053 -2.51333
8854.07 -4.36968 -2.17267 -2.51413
8890.35 -4.36968 -2.17267 -2.51413
8923.73 -4.36968 -2.17267 -2.51413
8954.2 -4.37169 -2.17579 -2.51505
8989.03 -4.37169 -2.17579 -2.51505
9022.41 -4.37169 -2.17579 -2.51505
9054.34 -4.37507 -2.17891 -2.51629
9089.17 -4.37507 -2.17891 -2.51629
9121.1 -4.37507 -2.17891 -2.51629
9154.48 -4.37975 -2.18171 -2.51747
9189.31 -4.37975 -2.18171 -2.51747
9221.23 -4.37975 -2.18171 -2.51747
9254.61 -4.38452 -2.18483 -2.51927
9289.44 -4.38452 -2.18483 -2.51927
9321.37 -4.38452 -2.18483 -2.51927
9354.75 -4.38994 -2.18799 -2.52105
9388.13 -4.38994 -2.18799 -2.52105
9421.51 -4.38994 -2.18799 -2.52105
9453.44 -4.39478 -2.19078 -2.52282
9489.72 -4.39478 -2.19078 -2.52282
9521.64 -4.39478 -2.19078 -2.52282
9553.57 -4.39964 -2.19393 -2.52505
9589.85 -4.39964 -2.19393 -2.52505
9620.33 -4.39964 -2.19393 -2.52505
9656.61 -4.405 -2.19768 -2.52781
9689.99 -4.405 -2.19768 -2.52781
9721.92 -4.405 -2.19768 -2.52781
9756.75 -4.41001 -2.20089 -2.53036
9790.13 -4.41001 -2.20089 -2.53036
9822.05 -4.41001 -2.20089 -2.53036
9856.88 -4.41231 -2.20446 -2.53273
9888.81 -4.41231 -2.20446 -2.53273
9920.74 -4.41231 -2.20446 -2.53273
9957.02 -4.41462 -2.2055 -2.53419
9988.95 -4.41462 -2.2055 -2.53419
10020.9 -4.41462 -2.2055 -2.53419
10057.2 -4.41676 -2.2066 -2.5355
10089.1 -4.41676 -2.2066 -2.5355
10122.5 -4.41676 -2.2066 -2.5355
10157.3 -4.41703 -2.20871 -2.53605
10190.7 -4.41703 -2.20871 -2.53605
10221.2 -4.41703 -2.20871 -2.53605
10256 -4.41662 -2.21002 -2.53608
10289.4 -4.41662 -2.21002 -2.53608
10321.3 -4.41662 -2.21002 -2.53608
10356.1 -4.41586 -2.21151 -2.53576
10389.5 -4.41586 -2.21151 -2.53576
10421.4 -4.41586 -2.21151 -2.53576
10456.3 -4.41431 -2.2128 -2.5354
10489.6 -4.41431 -2.2128 -2.5354
10521.6 -4.41431 -2.2128 -2.5354
10557.8 -4.41304 -2.21273 -2.53471
10588.3 -4.41304 -2.21273 -2.53471
10621.7 -4.41304 -2.21273 -2.53471
10656.5 -4.41108 -2.21375 -2.53451
10689.9 -4.41108 -2.21375 -2.53451
10721.8 -4.41108 -2.21375 -2.53451
10756.7 -4.40938 -2.21538 -2.53499
10788.6 -4.40938 -2.21538 -2.53499
10822 -4.40938 -2.21538 -2.53499
10858.3 -4.4081 -2.21854 -2.53788
10890.2 -4.4081 -2.21854 -2.53788
10925 -4.4081 -2.21854 -2.53788
10956.9 -4.40779 -2.22341 -2.54382
10988.9 -4.40779 -2.22341 -2.54382
11025.1 -4.40779 -2.22341 -2.54382
11058.5 -4.40849 -2.23033 -2.55245
11089 -4.40849 -2.23033 -2.55245
11125.3 -4.40849 -2.23033 -2.55245
11157.2 -4.41009 -2.24047 -2.56382
11189.1 -4.41009 -2.24047 -2.56382
11225.4 -4.41009 -2.24047 -2.56382
11257.3 -4.41324 -2.25361 -2.57718
11289.3 -4.41324 -2.25361 -2.57718
11325.6 -4.41324 -2.25361 -2.57718
11357.5 -4.41741 -2.26878 -2.59116
11389.4 -4.41741 -2.26878 -2.59116
11424.2 -4.41741 -2.26878 -2.59116
11456.2 -4.42192 -2.28562 -2.60584
11489.5 -4.42192 -2.28562 -2.60584
11524.4 -4.42192 -2.28562 -2.60584
11556.3 -4.42721 -2.30328 -2.62066
11589.7 -4.42721 -2.30328 -2.62066
11624.5 -4.42721 -2.30328 -2.62066
11656.4 -4.43352 -2.32188 -2.63522
11689.8 -4.43352 -2.32188 -2.63522
11724.7 -4.43352 -2.32188 -2.63522
11756.6 -4.44017 -2.34175 -2.64992
11790 -4.44017 -2.34175 -2.64992 
11824.8 -4.44017 -2.34175 -2.64992
11856.7 -4.44745 -2.36196 -2.66493
11890.1 -4.44745 -2.36196 -2.66493
11924.9 -4.44745 -2.36196 -2.66493
11956.9 -4.45461 -2.38309 -2.68064
11988.8 -4.45461 -2.38309 -2.68064
12025.1 -4.45461 -2.38309 -2.68064
12057 -4.46107 -2.40373 -2.69609
12093.3 -4.46107 -2.40373 -2.69609
12125.2 -4.46107 -2.40373 -2.69609
12157.1 -4.46845 -2.42389 -2.71139
12192 -4.46845 -2.42389 -2.71139
12225.3 -4.46845 -2.42389 -2.71139
12255.8 -4.47629 -2.44438 -2.7271
12292.1 -4.47629 -2.44438 -2.7271
12324 -4.47629 -2.44438 -2.7271
12357.4 -4.48405 -2.46449 -2.7426
12392.2 -4.48405 -2.46449 -2.7426
12425.6 -4.48405 -2.46449 -2.7426
12457.5 -4.49239 -2.4845 -2.75789
12492.4 -4.49239 -2.4845 -2.75789
12524.3 -4.49239 -2.4845 -2.75789
12556.2 -4.50031 -2.50518 -2.77293
12592.5 -4.50031 -2.50518 -2.77293
12625.9 -4.50031 -2.50518 -2.77293
12657.8 -4.50747 -2.52582 -2.78773
12692.6 -4.50747 -2.52582 -2.78773
12724.6 -4.50747 -2.52582 -2.78773
12756.5 -4.51314 -2.54573 -2.80129
12794.2 -4.51314 -2.54573 -2.80129
12824.7 -4.51314 -2.54573 -2.80129
12856.6 -4.5163 -2.56381 -2.81249
12892.9 -4.5163 -2.56381 -2.81249
12924.8 -4.5163 -2.56381 -2.81249
12956.8 -4.51903 -2.57936 -2.82053
12993.1 -4.51903 -2.57936 -2.82053
13025 -4.51903 -2.57936 -2.82053
13056.9 -4.52055 -2.59217 -2.82508
13093.2 -4.52055 -2.59217 -2.82508
13125.1 -4.52055 -2.59217 -2.82508
13157 -4.52067 -2.60206 -2.82709
13193.3 -4.52067 -2.60206 -2.82709
13223.8 -4.52067 -2.60206 -2.82709
13257.2 -4.52079 -2.60929 -2.8274
13292 -4.52079 -2.60929 -2.8274
13325.4 -4.52079 -2.60929 -2.8274
13361.7 -4.52065 -2.61459 -2.82676
13392.1 -4.52065 -2.61459 -2.82676
13424.1 -4.52065 -2.61459 -2.82676
13460.4 -4.52222 -2.61757 -2.82494
13493.7 -4.52222 -2.61757 -2.82494
13524.2 -4.52222 -2.61757 -2.82494
13560.5 -4.52632 -2.61888 -2.82232
13592.4 -4.52632 -2.61888 -2.82232
13625.8 -4.52632 -2.61888 -2.82232
13660.6 -4.53416 -2.62003 -2.81977
13692.6 -4.53416 -2.62003 -2.81977
13724.5 -4.53416 -2.62003 -2.81977
13760.8 -4.54711 -2.62021 -2.81795
13792.7 -4.54711 -2.62021 -2.81795
13824.6 -4.54711 -2.62021 -2.81795
13860.9 -4.55518 -2.6217 -2.81677
13892.8 -4.55518 -2.6217 -2.81677
13924.8 -4.55518 -2.6217 -2.81677
13961 -4.56453 -2.63252 -2.81085
13993 -4.56453 -2.63252 -2.81085
14024.9 -4.56453 -2.63252 -2.81085
14061.2 -4.57987 -2.65532 -2.8001
14091.7 -4.57987 -2.65532 -2.8001
14125 -4.57987 -2.65532 -2.8001
14159.9 -4.60045 -2.68576 -2.78534
14191.8 -4.60045 -2.68576 -2.78534
14225.2 -4.60045 -2.68576 -2.78534
14260 -4.62524 -2.72035 -2.76726
14293.4 -4.62524 -2.72035 -2.76726
14325.3 -4.62524 -2.72035 -2.76726
14360.1 -4.65263 -2.75764 -2.74726
14392.1 -4.65263 -2.75764 -2.74726
14424 -4.65263 -2.75764 -2.74726
14458.8 -4.68163 -2.79671 -2.72601
14492.2 -4.68163 -2.79671 -2.72601
14528.5 -4.68163 -2.79671 -2.72601
14561.9 -4.71211 -2.83673 -2.70403
14592.3 -4.71211 -2.83673 -2.70403
14628.6 -4.71211 -2.83673 -2.70403
14660.5 -4.74513 -2.87741 -2.68135
14692.5 -4.74513 -2.87741 -2.68135
14728.8 -4.74513 -2.87741 -2.68135
14760.7 -4.76138 -2.91845 -2.65842
14792.6 -4.76138 -2.91845 -2.65842
14828.9 -4.76138 -2.91845 -2.65842
14860.8 -4.78034 -2.94696 -2.65078
14892.7 -4.78034 -2.94696 -2.65078
14929 -4.78034 -2.94696 -2.65078
14962.4 -4.80371 -2.96041 -2.64886
14992.9 -4.80371 -2.96041 -2.64886
15027.7 -4.80371 -2.96041 -2.64886
15059.6 -4.82681 -2.96759 -2.64922
15093 -4.82681 -2.96759 -2.64922
15129.3 -4.82681 -2.96759 -2.64922
15161.2 -4.84992 -2.97472 -2.64896
15193.2 -4.84992 -2.97472 -2.64896
15229.4 -4.84992 -2.97472 -2.64896
15261.4 -4.87264 -2.98167 -2.6483
15275.9 -4.87264 -2.98167 -2.6483
