14.5125 0
46.4399 0
79.8186 13.8328
114.649 13.8328
148.027 13.8328
179.955 13.833
214.785 13.833
246.712 13.833
277.188 13.8331
313.469 13.8331
345.397 13.8331
377.324 13.8342
412.154 13.8342
444.082 13.8342
477.46 13.8345
513.741 13.8345
545.669 13.8345
576.145 13.8361
612.426 13.8361
645.805 13.8361
676.281 13.8375
712.562 13.8375
744.49 13.8375
776.417 13.8412
812.698 13.8412
844.626 13.8412
876.553 13.8477
912.834 13.8477
947.664 13.8477
976.689 13.8582
1015.87 13.8582
1046.35 13.8582
1076.83 13.8729
1113.11 13.8729
1145.03 13.8729
1181.32 13.8923
1213.24 13.8923
1245.17 13.8923
1281.45 13.9151
1311.93 13.9151
1345.31 13.9151
1380.14 13.9424
1413.51 13.9424
1443.99 13.9424
1481.72 13.9733
1512.2 13.9733
1545.58 13.9733
1580.41 14.0068
1612.34 14.0068
1644.26 14.0068
1682 14.0434
1713.92 14.0434
1744.4 14.0434
1780.68 14.082
1814.06 14.082
1844.54 14.082
1882.27 14.123
1912.74 14.123
1944.67 14.123
1979.5 14.1648
2012.88 14.1648
2044.81 14.1648
2081.09 14.2093
2113.02 14.2093
2144.94 14.2093
2181.22 14.2551
2216.05 14.2551
2246.53 14.2551
2279.91 14.3018
2313.29 14.3018
2345.22 14.3018
2381.5 14.3496
2413.42 14.3496
2448.25 14.3496
2481.63 14.3976
2512.11 14.3976
2548.39 14.3976
2580.32 14.4448
2613.7 14.4448
2648.53 14.4448
2680.45 14.4929
2712.38 14.4929
2748.66 14.4929
2780.59 14.5391
2812.52 14.5391
2848.8 14.5391
2880.73 14.5816
2914.1 14.5816
2948.93 14.5816
2982.31 14.6205
3012.79 14.6205
3049.07 14.6205
3081 14.6558
3112.93 14.6558
3149.21 14.6558
3181.13 14.6877
3213.06 14.6877
3249.34 14.6877
3281.27 14.7156
3313.2 14.7156
3349.48 14.7156
3381.41 14.7387
3413.33 14.7387
3448.16 14.7387
3480.09 14.7584
3513.47 14.7584
3548.3 14.7584
3580.23 14.775
3615.06 14.775
3648.44 14.775
3681.81 14.7894
3715.19 14.7894
3748.57 14.7894
3781.95 14.8016
3815.33 14.8016
3848.71 14.8016
3880.64 14.8124
3915.47 14.8124
3948.84 14.8124
3980.77 14.8222
4015.6 14.8222
4051.88 14.8296
4080.91 14.8296
4115.74 14.8296
4149.12 14.8296
4181.04 14.8362
4215.87 14.8362
4249.25 14.8362
4281.18 14.8415
4316.01 14.8415
4349.39 14.8415
4381.32 14.8459
4416.15 14.8459
4449.52 14.8459
4480 14.8496
4514.83 14.8496
4548.21 14.8496
4580.14 14.8525
4620.77 14.8525
4648.35 14.8525
4681.72 14.8546
4715.1 14.8546
4748.48 14.8546
4781.86 14.8563
4815.24 14.8563
4848.62 14.8563
4883.45 14.8589
4915.38 14.8589
4948.76 14.8589
4986.49 14.862
5015.51 14.862
5048.89 14.862
5086.62 14.8642
5115.65 14.8642
5149.03 14.8642
5183.86 14.8661
5215.79 14.8661
5249.16 14.8661
5286.9 14.8682
5315.92 14.8682
5349.3 14.8682
5384.13 14.8705
5416.06 14.8705
5449.44 14.8705
5484.27 14.8737
5516.19 14.8737
5548.12 14.8737
5585.85 14.8767
5614.88 14.8767
5648.26 14.8767
5685.99 14.8801
5715.01 14.8801
5748.39 14.8801
5786.13 14.884
5818.05 14.884
5848.53 14.884
5883.36 14.8872
5915.29 14.8872
5948.67 14.8872
5986.4 14.8908
6015.42 14.8908
6051.7 14.8944
6083.63 14.8944
6118.46 14.8944
6153.29 14.899
6183.77 14.899
6215.69 14.899
6253.43 14.9041
6286.81 14.9041
6315.83 14.9041
6353.56 14.9093
6386.94 14.9093
6415.97 14.9093
6453.7 14.9143
6484.18 14.9143
6516.1 14.9143
6555.29 14.9188
6587.21 14.9188
6619.14 14.9188
6653.97 14.923
6685.9 14.923
6714.92 14.923
6754.11 14.9268
6786.03 14.9268
6815.06 14.9268
6854.24 14.9311
6883.27 14.9311
6915.19 14.9311
6954.38 14.9355
6986.31 14.9355
7015.33 14.9355
7054.51 14.94
7083.54 14.94
7115.47 14.94
7153.2 14.9443
7186.58 14.9443
7221.41 14.9443
7254.79 14.9484
7283.81 14.9484
7321.54 14.9484
7353.47 14.9514
7385.4 14.9514
7421.68 14.9514
7453.61 14.9539
7484.08 14.9539
7520.36 14.9539
7553.74 14.9565
7587.12 14.9565
7620.5 14.9565
7653.88 14.9572
7685.81 14.9572
7720.64 14.9572
7752.56 14.9589
7785.94 14.9589
7822.22 14.9589
7854.15 14.9611
7886.08 14.9611
7920.91 14.9611
7952.84 14.963
7986.22 14.963
8022.5 14.963
8055.88 14.9649
8083.45 14.9649
8121.18 14.9649
8154.56 14.9675
8183.59 14.9675
8221.32 14.9675
8253.25 14.9694
8286.62 14.9694
8321.46 14.9694
8351.93 14.9712
8383.86 14.9712
8421.59 14.9712
8453.52 14.9725
8488.35 14.9725
8521.73 14.9725
8555.11 14.9737
8588.49 14.9737
8623.32 14.9737
8653.79 14.9764
8690.07 14.9764
8722 14.9764
8753.93 14.9778
8790.21 14.9778
8820.69 14.9778
8854.07 14.9796
8890.35 14.9796
8923.73 14.9796
8954.2 14.9826
8989.03 14.9826
9022.41 14.9826
9054.34 14.9864
9089.17 14.9864
9121.1 14.9864
9154.48 14.9912
9189.31 14.9912
9221.23 14.9912
9254.61 14.9968
9289.44 14.9968
9321.37 14.9968
9354.75 15.0028
9388.13 15.0028
9421.51 15.0028
9453.44 15.0093
9489.72 15.0093
9521.64 15.0093
9553.57 15.0151
9589.85 15.0151
9620.33 15.0151
9656.61 15.0213
9689.99 15.0213
9721.92 15.0213
9756.75 15.0285
9790.13 15.0285
9822.05 15.0285
9856.88 15.0349
9888.81 15.0349
9920.74 15.0349
9957.02 15.0398
9988.95 15.0398
10020.9 15.0398
10057.2 15.0427
10089.1 15.0427
10122.5 15.0427
10157.3 15.0454
10190.7 15.0454
10221.2 15.0454
10256 15.0476
10289.4 15.0476
10321.3 15.0476
10356.1 15.049
10389.5 15.049
10421.4 15.049
10456.3 15.0507
10489.6 15.0507
10521.6 15.0507
10557.8 15.0528
10588.3 15.0528
10621.7 15.0528
10656.5 15.0542
10689.9 15.0542
10721.8 15.0542
10756.7 15.0564
10788.6 15.0564
10822 15.0564
10858.3 15.0588
10890.2 15.0588
10925 15.0588
10956.9 15.0633
10988.9 15.0633
11025.1 15.0633
11058.5 15.071
11089 15.071
11125.3 15.071
11157.2 15.0821
11189.1 15.0821
11225.4 15.0821
11257.3 15.0974
11289.3 15.0974
11325.6 15.0974
11357.5 15.1164
11389.4 15.1164
11424.2 15.1164
11456.2 15.1374
11489.5 15.1374
11524.4 15.1374
11556.3 15.1602
11589.7 15.1602
11624.5 15.1602
11656.4 15.1839
11689.8 15.1839
11724.7 15.1839
11756.6 15.2083
11790 15.2083
11824.8 15.2083
11856.7 15.2339
11890.1 15.2339
11924.9 15.2339
11956.9 15.2601
11988.8 15.2601
12025.1 15.2601
12057 15.2874
12093.3 15.2874
12125.2 15.2874
12157.1 15.314
12192 15.314
12225.3 15.314
12255.8 15.3404
12292.1 15.3404
12324 15.3404
12357.4 15.3674
12392.2 15.3674
12425.6 15.3674
12457.5 15.3939
12492.4 15.3939
12524.3 15.3939
12556.2 15.4204
12592.5 15.4204
12625.9 15.4204
12657.8 15.4472
12692.6 15.4472
12724.6 15.4472
12756.5 15.4736
12794.2 15.4736
12824.7 15.4736
12856.6 15.4983
12892.9 15.4983
12924.8 15.4983
12956.8 15.5198
12993.1 15.5198
13025 15.5198
13056.9 15.5376
13093.2 15.5376
13125.1 15.5376
13157 15.5512
13193.3 15.5512
13223.8 15.5512
13257.2 15.5613
13292 15.5613
13325.4 15.5613
13361.7 15.5686
13392.1 15.5686
13424.1 15.5686
13460.4 15.5739
13493.7 15.5739
13524.2 15.5739
13560.5 15.5777
13592.4 15.5777
13625.8 15.5777
13660.6 15.5828
13692.6 15.5828
13724.5 15.5828
13760.8 15.5911
13792.7 15.5911
13824.6 15.5911
13860.9 15.6042
13892.8 15.6042
13924.8 15.6042
13961 15.6125
13993 15.6125
14024.9 15.6125
14061.2 15.6279
14091.7 15.6279
14125 15.6279
14159.9 15.6575
14191.8 15.6575
14225.2 15.6575
14260 15.697
14293.4 15.697
14325.3 15.697
14360.1 15.7433
14392.1 15.7433
14424 15.7433
14458.8 15.7937
14492.2 15.7937
14528.5 15.7937
14561.9 15.8468
14592.3 15.8468
14628.6 15.8468
14660.5 15.9017
14692.5 15.9017
14728.8 15.9017
14760.7 15.9588
14792.6 15.9588
14828.9 15.9588
14860.8 16.0085
14892.7 16.0085
14929 16.0085
14962.4 16.0436
14992.9 16.0436
15027.7 16.0436
15059.6 16.0706
15093 16.0706
15129.3 16.0706
15161.2 16.0948
15193.2 16.0948
15229.4 16.0948
15261.4 16.119
15275.9 16.119
