14.5125 0
46.4399 1.5708
79.8186 1.5708
114.649 1.5708
148.027 1.5708
179.955 1.5708
214.785 1.5708
246.712 1.5708
277.188 1.5708
313.469 1.5708
345.397 1.5708
377.324 1.5708
412.154 1.5708
444.082 1.5708
477.46 1.5708
513.741 1.5708
545.669 1.5708
576.145 1.5708
612.426 1.5708
645.805 1.5708
676.281 1.5708
712.562 1.5708
744.49 1.5708
776.417 1.5708
812.698 1.5708
844.626 1.5708
876.553 1.5708
912.834 1.5708
947.664 1.5708
976.689 1.5708
1015.87 1.5708
1046.35 1.5708
1076.83 1.5708
1113.11 1.5708
1145.03 1.5708
1181.32 1.5708
1213.24 1.5708
1245.17 1.5708
1281.45 1.5708
1311.93 1.5708
1345.31 1.5708
1380.14 1.5708
1413.51 1.5708
1443.99 1.5708
1481.72 1.5708
1512.2 1.5708
1545.58 1.5708
1580.41 1.5708
1612.34 1.5708
1644.26 1.5708
1682 1.5708
1713.92 1.5708
1744.4 1.5708
1780.68 1.5708
1814.06 1.5708
1844.54 1.5708
1882.27 1.5708
1912.74 1.5708
1944.67 1.5708
1979.5 1.5708
2012.88 1.5708
2044.81 1.5708
2081.09 1.5708
2113.02 1.5708
2144.94 1.5708
2181.22 1.5708
2216.05 1.5708
2246.53 1.5708
2279.91 1.5708
2313.29 1.5708
2345.22 1.5708
2381.5 1.5708
2413.42 1.5708
2448.25 1.5708
2481.63 1.5708
2512.11 1.5708
2548.39 1.5708
2580.32 1.5708
2613.7 1.5708
2648.53 1.5708
2680.45 1.5708
2712.38 1.5708
2748.66 1.5708
2780.59 1.5708
2812.52 1.5708
2848.8 1.5708
2880.73 1.5708
2914.1 1.5708
2948.93 1.5708
2982.31 1.5708
3012.79 1.5708
3049.07 1.5708
3081 1.5708
3112.93 1.5708
3149.21 1.5708
3181.13 1.5708
3213.06 1.5708
3249.34 1.5708
3281.27 1.5708
3313.2 1.5708
3349.48 1.5708
3381.41 1.5708
3413.33 1.5708
3448.16 1.5708
3480.09 1.5708
3513.47 1.5708
3548.3 1.5708
3580.23 1.5708
3615.06 1.5708
3648.44 1.5708
3681.81 1.5708
3715.19 1.5708
3748.57 1.5708
3781.95 1.5708
3815.33 1.5708
3848.71 1.5708
3880.64 1.5708
3915.47 1.5708
3948.84 1.5708
3980.77 1.5708
4015.6 1.5708
4051.88 1.5708
4080.91 1.5708
4115.74 1.5708
4149.12 1.5708
4181.04 1.5708
4215.87 1.5708
4249.25 1.5708
4281.18 1.5708
4316.01 1.5708
4349.39 1.5708
4381.32 1.5708
4416.15 1.5708
4449.52 1.5708
4480 1.5708
4514.83 1.5708
4548.21 1.5708
4580.14 1.5708
4620.77 1.5708
4648.35 1.5708
4681.72 1.5708
4715.1 1.5708
4748.48 1.5708
4781.86 1.5708
4815.24 1.5708
4848.62 1.5708
4883.45 1.5708
4915.38 1.5708
4948.76 1.5708
4986.49 1.5708
5015.51 1.5708
5048.89 1.5708
5086.62 1.5708
5115.65 1.5708
5149.03 1.5708
5183.86 1.5708
5215.79 1.5708
5249.16 1.5708
5286.9 1.5708
5315.92 1.5708
5349.3 1.5708
5384.13 1.5708
5416.06 1.5708
5449.44 1.5708
5484.27 1.5708
5516.19 1.5708
5548.12 1.5708
5585.85 1.5708
5614.88 1.5708
5648.26 1.5708
5685.99 1.5708
5715.01 1.5708
5748.39 1.5708
5786.13 1.5708
5818.05 1.5708
5848.53 1.5708
5883.36 1.5708
5915.29 1.5708
5948.67 1.5708
5986.4 1.5708
6015.42 1.5708
6051.7 1.5708
6083.63 1.5708
6118.46 1.5708
6153.29 1.5708
6183.77 1.5708
6215.69 1.5708
6253.43 1.5708
6286.81 1.5708
6315.83 1.5708
6353.56 1.5708
6386.94 1.5708
6415.97 1.5708
6453.7 1.5708
6484.18 1.5708
6516.1 1.5708
6555.29 1.5708
6587.21 1.5708
6619.14 1.5708
6653.97 1.5708
6685.9 1.5708
6714.92 1.5708
6754.11 1.5708
6786.03 1.5708
6815.06 1.5708
6854.24 1.5708
6883.27 1.5708
6915.19 1.5708
6954.38 1.5708
6986.31 1.5708
7015.33 1.5708
7054.51 1.5708
7083.54 1.5708
7115.47 1.5708
7153.2 1.5708
7186.58 1.5708
7221.41 1.5708
7254.79 1.5708
7283.81 1.5708
7321.54 1.5708
7353.47 1.5708
7385.4 1.5708
7421.68 1.5708
7453.61 1.5708
7484.08 1.5708
7520.36 1.5708
7553.74 1.5708
7587.12 1.5708
7620.5 1.5708
7653.88 1.5708
7685.81 1.5708
7720.64 1.5708
7752.56 1.5708
7785.94 1.5708
7822.22 1.5708
7854.15 1.5708
7886.08 1.5708
7920.91 1.5708
7952.84 1.5708
7986.22 1.5708
8022.5 1.5708
8055.88 1.5708
8083.45 1.5708
8121.18 1.5708
8154.56 1.5708
8183.59 1.5708
8221.32 1.5708
8253.25 1.5708
8286.62 1.5708
8321.46 1.5708
8351.93 1.5708
8383.86 1.5708
8421.59 1.5708
8453.52 1.5708
8488.35 1.5708
8521.73 1.5708
8555.11 1.5708
8588.49 1.5708
8623.32 1.5708
8653.79 1.5708
8690.07 1.5708
8722 1.5708
8753.93 1.5708
8790.21 1.5708
8820.69 1.5708
8854.07 1.5708
8890.35 1.5708
8923.73 1.5708
8954.2 1.5708
8989.03 1.5708
9022.41 1.5708
9054.34 1.5708
9089.17 1.5708
9121.1 1.5708
9154.48 1.5708
9189.31 1.5708
9221.23 1.5708
9254.61 1.5708
9289.44 1.5708
9321.37 1.5708
9354.75 1.5708
9388.13 1.5708
9421.51 1.5708
9453.44 1.5708
9489.72 1.5708
9521.64 1.5708
9553.57 1.5708
9589.85 1.5708
9620.33 1.5708
9656.61 1.5708
9689.99 1.5708
9721.92 1.5708
9756.75 1.5708
9790.13 1.5708
9822.05 1.5708
9856.88 1.5708
9888.81 1.5708
9920.74 1.5708
9957.02 1.5708
9988.95 1.5708
10020.9 1.5708
10057.2 1.5708
10089.1 1.5708
10122.5 1.5708
10157.3 1.5708
10190.7 1.5708
10221.2 1.5708
10256 1.5708
10289.4 1.5708
10321.3 1.5708
10356.1 1.5708
10389.5 1.5708
10421.4 1.5708
10456.3 1.5708
10489.6 1.5708
10521.6 1.5708
10557.8 1.5708
10588.3 1.5708
10621.7 1.5708
10656.5 1.5708
10689.9 1.5708
10721.8 1.5708
10756.7 1.5708
10788.6 1.5708
10822 1.5708
10858.3 1.5708
10890.2 1.5708
10925 1.5708
10956.9 1.5708
10988.9 1.5708
11025.1 1.5708
11058.5 1.5708
11089 1.5708
11125.3 1.5708
11157.2 1.5708
11189.1 1.5708
11225.4 1.5708
11257.3 1.5708
11289.3 1.5708
11325.6 1.5708
11357.5 1.5708
11389.4 1.5708
11424.2 1.5708
11456.2 1.5708
11489.5 1.5708
11524.4 1.5708
11556.3 1.5708
11589.7 1.5708
11624.5 1.5708
11656.4 1.5708
11689.8 1.5708
11724.7 1.5708
11756.6 1.5708
11790 1.5708
11824.8 1.5708
11856.7 1.5708
11890.1 1.5708
11924.9 1.5708
11956.9 1.5708
11988.8 1.5708
12025.1 1.5708
12057 1.5708
12093.3 1.5708
12125.2 1.5708
12157.1 1.5708
12192 1.5708
12225.3 1.5708
12255.8 1.5708
12292.1 1.5708
12324 1.5708
12357.4 1.5708
12392.2 1.5708
12425.6 1.5708
12457.5 1.5708
12492.4 1.5708
12524.3 1.5708
12556.2 1.5708
12592.5 1.5708
12625.9 1.5708
12657.8 1.5708
12692.6 1.5708
12724.6 1.5708
12756.5 1.5708
12794.2 1.5708
12824.7 1.5708
12856.6 1.5708
12892.9 1.5708
12924.8 1.5708
12956.8 1.5708
12993.1 1.5708
13025 1.5708
13056.9 1.5708
13093.2 1.5708
13125.1 1.5708
13157 1.5708
13193.3 1.5708
13223.8 1.5708
13257.2 1.5708
13292 1.5708
13325.4 1.5708
13361.7 1.5708
13392.1 1.5708
13424.1 1.5708
13460.4 1.5708
13493.7 1.5708
13524.2 1.5708
13560.5 1.5708
13592.4 1.5708
13625.8 1.5708
13660.6 1.5708
13692.6 1.5708
13724.5 1.5708
13760.8 1.5708
13792.7 1.5708
13824.6 1.5708
13860.9 1.5708
13892.8 1.5708
13924.8 1.5708
13961 1.5708
13993 1.5708
14024.9 1.5708
14061.2 1.5708
14091.7 1.5708
14125 1.5708
14159.9 1.5708
14191.8 1.5708
14225.2 1.5708
14260 1.5708
14293.4 1.5708
14325.3 1.5708
14360.1 1.5708
14392.1 1.5708
14424 1.5708
14458.8 1.5708
14492.2 1.5708
14528.5 1.5708
14561.9 1.5708
14592.3 1.5708
14628.6 1.5708
14660.5 1.5708
14692.5 1.5708
14728.8 1.5708
14760.7 1.5708
14792.6 1.5708
14828.9 1.5708
14860.8 1.5708
14892.7 1.5708
14929 1.5708
14962.4 1.5708
14992.9 1.5708
15027.7 1.5708
15059.6 1.5708
15093 1.5708
15129.3 1.5708
15161.2 1.5708
15193.2 1.5708
15229.4 1.5708
15261.4 1.5708
15275.9 1.5708
