14.5125 0
46.4399 0.00329748
79.8186 0.00315888
114.649 0.00695005
148.027 0.00238106
179.955 0.00232492
214.785 0.00369805
246.712 0.00347971
277.188 0.00186351
313.469 0.00117909
345.397 0.00271731
377.324 0.00181403
412.154 0.00130664
444.082 0.0135994
477.46 0.131727
513.741 0.0669771
545.669 0.0745694
576.145 0.0845532
612.426 0.0670451
645.805 0.0653
676.281 0.0676541
712.562 0.0743613
744.49 0.0736584
776.417 0.0803769
812.698 0.0761257
844.626 0.07272
876.553 0.0689688
912.834 0.0706347
947.664 0.0656645
976.689 0.0599884
1015.87 0.0506412
1046.35 0.0496071
1076.83 0.0422651
1113.11 0.0376182
1145.03 0.0348396
1181.32 0.0332541
1213.24 0.0259434
1245.17 0.0192264
1281.45 0.0199376
1311.93 0.0198067
1345.31 0.0212084
1380.14 0.0208071
1413.51 0.0174214
1443.99 0.0203594
1481.72 0.0219058
1512.2 0.0231304
1545.58 0.0190527
1580.41 0.0225275
1612.34 0.0188315
1644.26 0.0213052
1682 0.0214499
1713.92 0.019637
1744.4 0.020506
1780.68 0.0195402
1814.06 0.0189569
1844.54 0.0202429
1882.27 0.0120311
1912.74 0.0103275
1944.67 0.0108369
1979.5 0.008519
2012.88 0.00650884
2044.81 0.00347328
2081.09 0.00492007
2113.02 0.0137437
2144.94 0.0111745
2181.22 0.0112109
2216.05 0.00804534
2246.53 0.00813133
2279.91 0.0153148
2313.29 0.0125736
2345.22 0.0129395
2381.5 0.0130373
2413.42 0.0107187
2448.25 0.0152826
2481.63 0.0103451
2512.11 0.012543
2548.39 0.0167277
2580.32 0.0160935
2613.7 0.0143171
2648.53 0.012619
2680.45 0.0129648
2712.38 0.0118263
2748.66 0.00899072
2780.59 0.0089971
2812.52 0.0081444
2848.8 0.00451845
2880.73 0.00599807
2914.1 0.010086
2948.93 0.00521946
2982.31 0.00559502
3012.79 0.00497345
3049.07 0.00787473
3081 0.00617909
3112.93 0.00408346
3149.21 0.00194285
3181.13 0.00524435
3213.06 0.0044661
3249.34 0.00389338
3281.27 0.00280088
3313.2 0.00511377
3349.48 0.00552447
3381.41 0.00536925
3413.33 0.00616275
3448.16 0.00271368
3480.09 0.000934433
3513.47 0.00271492
3548.3 0.00541271
3580.23 0.0043527
3615.06 0.00552358
3648.44 0.00884018
3681.81 0.00550361
3715.19 0.00650318
3748.57 0.00388129
3781.95 0.00394893
3815.33 0.00515582
3848.71 0.00503992
3880.64 0.00312417
3915.47 0.00654423
3948.84 0.00395477
3980.77 0.0046306
4015.6 0.00176393
4051.88 0.00193609
4080.91 0.0019996
4115.74 0.00162081
4149.12 0.00298467
4181.04 0.00473331
4215.87 0.00418414
4249.25 0.00598048
4281.18 0.00627788
4316.01 0.00810752
4349.39 0.00691198
4381.32 0.0139641
4416.15 0.015335
4449.52 0.00909147
4480 0.00980363
4514.83 0.0127417
4548.21 0.0184118
4580.14 0.0211508
4620.77 0.0278666
4648.35 0.0386522
4681.72 0.056263
4715.1 0.0687189
4748.48 0.0784868
4781.86 0.0902128
4815.24 0.0978112
4848.62 0.106661
4883.45 0.105189
4915.38 0.091698
4948.76 0.0828764
4986.49 0.0715652
5015.51 0.0816356
5048.89 0.0842576
5086.62 0.0678103
5115.65 0.0637287
5149.03 0.0560941
5183.86 0.0685329
5215.79 0.0695097
5249.16 0.0742521
5286.9 0.0581564
5315.92 0.059363
5349.3 0.0720036
5384.13 0.0711034
5416.06 0.105061
5449.44 0.0666677
5484.27 0.0807991
5516.19 0.0695606
5548.12 0.0723621
5585.85 0.070606
5614.88 0.0700559
5648.26 0.0622832
5685.99 0.0681136
5715.01 0.0697757
5748.39 0.0663828
5786.13 0.0825754
5818.05 0.0554445
5848.53 0.0732309
5883.36 0.0746264
5915.29 0.0652372
5948.67 0.0689301
5986.4 0.0650091
6015.42 0.0714849
6051.7 0.0675884
6083.63 0.0736383
6118.46 0.0770618
6153.29 0.0789165
6183.77 0.0821461
6215.69 0.0831093
6253.43 0.0804217
6286.81 0.0842089
6315.83 0.0819555
6353.56 0.0761015
6386.94 0.0706749
6415.97 0.0683744
6453.7 0.0613675
6484.18 0.0617703
6516.1 0.0649172
6555.29 0.0624408
6587.21 0.0600932
6619.14 0.0588369
6653.97 0.0609899
6685.9 0.0592304
6714.92 0.0591177
6754.11 0.0566065
6786.03 0.0590687
6815.06 0.0634037
6854.24 0.0627273
6883.27 0.0647362
6915.19 0.0663803
6954.38 0.073627
6986.31 0.0762798
7015.33 0.0757596
7054.51 0.075278
7083.54 0.0669355
7115.47 0.0706377
7153.2 0.064489
7186.58 0.0522755
7221.41 0.06323
7254.79 0.060003
7283.81 0.0690824
7321.54 0.0726477
7353.47 0.0748463
7385.4 0.0849832
7421.68 0.07046
7453.61 0.0691843
7484.08 0.0754966
7520.36 0.0771507 
7553.74 0.08618
7587.12 0.0823263
7620.5 0.143099
7653.88 0.0817012
7685.81 0.106893
7720.64 0.0877873
7752.56 0.0707706
7785.94 0.0617901
7822.22 0.0641005
7854.15 0.058037
7886.08 0.0577873
7920.91 0.0549372
7952.84 0.0580983
7986.22 0.0548258
8022.5 0.0522111
8055.88 0.0530077
8083.45 0.079355
8121.18 0.0745575
8154.56 0.0606045
8183.59 0.063475
8221.32 0.0630257
8253.25 0.0632076
8286.62 0.0557179
8321.46 0.0610101
8351.93 0.072915
8383.86 0.0706101
8421.59 0.0698576
8453.52 0.0664449
8488.35 0.0727598
8521.73 0.0720821
8555.11 0.069279
8588.49 0.074294
8623.32 0.066789
8653.79 0.064957
8690.07 0.0580183
8722 0.0575169
8753.93 0.0538736
8790.21 0.0530809
8820.69 0.0513396
8854.07 0.0535
8890.35 0.0531712
8923.73 0.0476371
8954.2 0.0515245
8989.03 0.0472566
9022.41 0.0465055
9054.34 0.0463515
9089.17 0.0476701
9121.1 0.0499864
9154.48 0.0531207
9189.31 0.0521391
9221.23 0.0549578
9254.61 0.0679085
9289.44 0.0623959
9321.37 0.0668172
9354.75 0.0736646
9388.13 0.0758028
9421.51 0.076579
9453.44 0.0604784
9489.72 0.0698005
9521.64 0.0588478
9553.57 0.0460841
9589.85 0.0593426
9620.33 0.0604621
9656.61 0.0714381
9689.99 0.063983
9721.92 0.0646668
9756.75 0.0699304
9790.13 0.0756561
9822.05 0.0777182
9856.88 0.0942353
9888.81 0.143606
9920.74 0.10794
9957.02 0.10033
9988.95 0.0822449
10020.9 0.0792451
10057.2 0.0713674
10089.1 0.0658198
10122.5 0.0603797
10157.3 0.0564578
10190.7 0.0534314
10221.2 0.0465436
10256 0.0464695
10289.4 0.0446529
10321.3 0.0439757
10356.1 0.0463302
10389.5 0.0710841
10421.4 0.0635806
10456.3 0.0549086
10489.6 0.0526626
10521.6 0.0527221
10557.8 0.0551048
10588.3 0.0438582
10621.7 0.0583555
10656.5 0.0502017
10689.9 0.0474361
10721.8 0.0465852
10756.7 0.0401675
10788.6 0.0442671
10822 0.0408045
10858.3 0.0355467
10890.2 0.0365706
10925 0.0311186
10956.9 0.03094
10988.9 0.0327662
11025.1 0.0322101
11058.5 0.0269438
11089 0.0294447
11125.3 0.029726
11157.2 0.0293048
11189.1 0.032162
11225.4 0.0350784
11257.3 0.0393072
11289.3 0.0461348
11325.6 0.0541544
11357.5 0.0605311
11389.4 0.0695694
11424.2 0.0755204
11456.2 0.0882153
11489.5 0.105904
11524.4 0.0941043
11556.3 0.0925244
11589.7 0.0946135
11624.5 0.0991217
11656.4 0.104774
11689.8 0.0974537
11724.7 0.0935371
11756.6 0.114875
11790 0.10303
11824.8 0.110675
11856.7 0.0975384
11890.1 0.0771445
11924.9 0.0702376
11956.9 0.0722646
11988.8 0.0567099
12025.1 0.0997256
12057 0.0500942
12093.3 0.046075
12125.2 0.0795727
12157.1 0.0377593
12192 0.0587727
12225.3 0.0487104
12255.8 0.0428352
12292.1 0.0409967
12324 0.0415415
12357.4 0.0416411
12392.2 0.0441499
12425.6 0.0428178
12457.5 0.0450296
12492.4 0.0495619
12524.3 0.0454519
12556.2 0.0446609
12592.5 0.0456096
12625.9 0.0488313
12657.8 0.048631
12692.6 0.0487965
12724.6 0.0458145
12756.5 0.0455351
12794.2 0.0608376
12824.7 0.0530545
12856.6 0.0536914
12892.9 0.0538909
12924.8 0.0441705
12956.8 0.0440348
12993.1 0.0472531
13025 0.0473615
13056.9 0.0446974
13093.2 0.0439985
13125.1 0.0426713
13157 0.0474881
13193.3 0.0448259
13223.8 0.0510284
13257.2 0.0529769
13292 0.0760845
13325.4 0.0689952
13361.7 0.0701018
13392.1 0.0768849
13424.1 0.0767975
13460.4 0.0827067
13493.7 0.0798929
13524.2 0.0768941
13560.5 0.0779341
13592.4 0.0744498
13625.8 0.0737329
13660.6 0.0641853
13692.6 0.0640323
13724.5 0.0589224
13760.8 0.0586206
13792.7 0.0501676
13824.6 0.0469051
13860.9 0.0450233
13892.8 0.0385025
13924.8 0.0336206
13961 0.0299145
13993 0.0219865
14024.9 0.0222182
14061.2 0.0165881
14091.7 0.0134435
14125 0.0135224
14159.9 0.0115238
14191.8 0.0123005
14225.2 0.011313
14260 0.00959588
14293.4 0.00694603
14325.3 0.0033414
14360.1 0.0027514
14392.1 0.00343127
14424 0.00605889
14458.8 0.00181008
14492.2 0.000957318
14528.5 0.00300378
14561.9 0.00193303
14592.3 0.00179438
14628.6 0.00294747
14660.5 0.00180003
14692.5 0.00387716
14728.8 0.00312572
14760.7 0.00131601
14792.6 0.00301794
14828.9 0.00249596
14860.8 0.00196846
14892.7 0.00207566
14929 0.00265523
14962.4 0.00296178
14992.9 0.00157459
15027.7 0.00129965
15059.6 0.00342101
15093 0.00155362
15129.3 0.00438191
15161.2 0.00402902
15193.2 0.00131837
15229.4 0.00167035
15261.4 0.00273869
15275.9 0.0036097
