21.7687 dancer head 1 -4.97672 -1.89611 -2.16645;
0 dancer neck 1 -4.92659 -2.32412 -2.13076;
0 dancer l_shoulder 1 -5.30967 -2.35407 -2.31009;
0 dancer l_elbow 1 -5.38297 -2.76946 -2.35668;
0 dancer l_hand 1 -5.09481 -2.79562 -2.74916;
0 dancer r_shoulder 1 -4.5435 -2.29417 -1.95143;
0 dancer r_elbow 1 -4.02728 -2.6555 -2.16099;
0 dancer r_hand 1 -3.78316 -2.66216 -2.5769;
0 dancer torso 1 -4.92187 -2.74385 -2.09385;
0 dancer l_hip 1 -5.12997 -3.18022 -2.15656;
0 dancer l_knee 1 -5.12997 -4.02549 -2.15656;
0 dancer l_foot 1 -5.12997 -4.83825 -2.15656;
0 dancer r_hip 1 -4.70435 -3.14695 -1.95732;
0 dancer r_knee 1 -4.70435 -3.99222 -1.95732;
0 dancer r_foot 1 -4.70435 -4.80498 -1.95732;
36.2812 dancer head 1 -4.97566 -1.8958 -2.16633;
0 dancer neck 1 -4.92754 -2.32421 -2.13091;
0 dancer l_shoulder 1 -5.31077 -2.35296 -2.31027;
0 dancer l_elbow 1 -5.38283 -2.77046 -2.36322;
0 dancer l_hand 1 -5.0823 -2.79422 -2.75345;
0 dancer r_shoulder 1 -4.54431 -2.29545 -1.95154;
0 dancer r_elbow 1 -4.0257 -2.65732 -2.16172;
0 dancer r_hand 1 -3.78056 -2.66342 -2.57748;
0 dancer torso 1 -4.92549 -2.74398 -2.09415;
0 dancer l_hip 1 -5.13633 -3.17972 -2.15703;
0 dancer l_knee 1 -5.13633 -4.02499 -2.15703;
0 dancer l_foot 1 -5.13633 -4.83774 -2.15703;
0 dancer r_hip 1 -4.71055 -3.14777 -1.95775;
0 dancer r_knee 1 -4.71055 -3.99304 -1.95775;
0 dancer r_foot 1 -4.71055 -4.8058 -1.95775;
30.4762 dancer head 1 -4.97655 -1.89587 -2.16565;
0 dancer neck 1 -4.92818 -2.32513 -2.13042;
0 dancer l_shoulder 1 -5.31091 -2.35363 -2.31007;
0 dancer l_elbow 1 -5.38474 -2.7754 -2.37236;
0 dancer l_hand 1 -5.07673 -2.79411 -2.76128;
0 dancer r_shoulder 1 -4.54546 -2.29664 -1.95076;
0 dancer r_elbow 1 -4.0269 -2.65734 -2.16097;
0 dancer r_hand 1 -3.78103 -2.66383 -2.57663;
0 dancer torso 1 -4.92446 -2.74509 -2.09493;
0 dancer l_hip 1 -5.13335 -3.18087 -2.15924;
0 dancer l_knee 1 -5.13335 -4.02614 -2.15924;
0 dancer l_foot 1 -5.13335 -4.8389 -2.15924;
0 dancer r_hip 1 -4.70814 -3.14921 -1.95964;
0 dancer r_knee 1 -4.70814 -3.99448 -1.95964;
0 dancer r_foot 1 -4.70814 -4.80724 -1.95964;
31.9274 dancer head 1 -4.97781 -1.89452 -2.16653;
0 dancer neck 1 -4.92809 -2.32402 -2.13125;
0 dancer l_shoulder 1 -5.31212 -2.35245 -2.31022;
0 dancer l_elbow 1 -5.3903 -2.7769 -2.37123;
0 dancer l_hand 1 -5.08029 -2.79422 -2.75984;
0 dancer r_shoulder 1 -4.54406 -2.29558 -1.95228;
0 dancer r_elbow 1 -4.02648 -2.65746 -2.1613;
0 dancer r_hand 1 -3.77899 -2.664 -2.57671;
0 dancer torso 1 -4.92515 -2.74391 -2.0953;
0 dancer l_hip 1 -5.13553 -3.17959 -2.15878;
0 dancer l_knee 1 -5.13553 -4.02486 -2.15878;
0 dancer l_foot 1 -5.13553 -4.83762 -2.15878;
0 dancer r_hip 1 -4.70887 -3.148 -1.95994;
0 dancer r_knee 1 -4.70887 -3.99327 -1.95994;
0 dancer r_foot 1 -4.70887 -4.80603 -1.95994;
36.2812 dancer head 1 -4.96592 -1.89562 -2.16623;
0 dancer neck 1 -4.92314 -2.32484 -2.12998;
0 dancer l_shoulder 1 -5.3055 -2.35191 -2.30995;
0 dancer l_elbow 1 -5.38403 -2.77351 -2.36218;
0 dancer l_hand 1 -5.0847 -2.79419 -2.75275;
0 dancer r_shoulder 1 -4.54078 -2.29778 -1.95001;
0 dancer r_elbow 1 -4.0271 -2.65767 -2.16118;
0 dancer r_hand 1 -3.77926 -2.66323 -2.57655;
0 dancer torso 1 -4.92453 -2.74468 -2.09373;
0 dancer l_hip 1 -5.13833 -3.17956 -2.15745;
0 dancer l_knee 1 -5.13833 -4.02482 -2.15745;
0 dancer l_foot 1 -5.13833 -4.83758 -2.15745;
0 dancer r_hip 1 -4.71351 -3.14949 -1.9575;
0 dancer r_knee 1 -4.71351 -3.99476 -1.9575;
0 dancer r_foot 1 -4.71351 -4.80751 -1.9575;
31.9274 dancer head 1 -4.97168 -1.89558 -2.1668;
0 dancer neck 1 -4.92695 -2.32551 -2.13133;
0 dancer l_shoulder 1 -5.31066 -2.35385 -2.31048;
0 dancer l_elbow 1 -5.38695 -2.77384 -2.36585;
0 dancer l_hand 1 -5.08688 -2.79544 -2.75629;
0 dancer r_shoulder 1 -4.54324 -2.29717 -1.95219;
0 dancer r_elbow 1 -4.02657 -2.6564 -2.16232;
0 dancer r_hand 1 -3.78084 -2.66315 -2.578;
0 dancer torso 1 -4.9263 -2.74524 -2.09433;
0 dancer l_hip 1 -5.1388 -3.18071 -2.15685;
0 dancer l_knee 1 -5.1388 -4.02597 -2.15685;
0 dancer l_foot 1 -5.1388 -4.83873 -2.15685;
0 dancer r_hip 1 -4.7125 -3.14922 -1.95781;
0 dancer r_knee 1 -4.7125 -3.99449 -1.95781;
0 dancer r_foot 1 -4.7125 -4.80725 -1.95781;
31.9274 dancer head 1 -4.97514 -1.89508 -2.16718;
0 dancer neck 1 -4.92862 -2.32374 -2.13125;
0 dancer l_shoulder 1 -5.31214 -2.35308 -2.31041;
0 dancer l_elbow 1 -5.38543 -2.77484 -2.36754;
0 dancer l_hand 1 -5.08501 -2.79547 -2.75796;
0 dancer r_shoulder 1 -4.54509 -2.29439 -1.9521;
0 dancer r_elbow 1 -4.02758 -2.65626 -2.16305;
0 dancer r_hand 1 -3.78039 -2.66313 -2.57851;
0 dancer torso 1 -4.92531 -2.74347 -2.09435;
0 dancer l_hip 1 -5.13506 -3.17951 -2.15696;
0 dancer l_knee 1 -5.13506 -4.02478 -2.15696;
0 dancer l_foot 1 -5.13506 -4.83754 -2.15696;
0 dancer r_hip 1 -4.70896 -3.14691 -1.95792;
0 dancer r_knee 1 -4.70896 -3.99218 -1.95792;
0 dancer r_foot 1 -4.70896 -4.80494 -1.95792;
34.8299 dancer head 1 -4.97636 -1.89545 -2.16712;
0 dancer neck 1 -4.92961 -2.32372 -2.1311;
0 dancer l_shoulder 1 -5.31345 -2.35277 -2.31012;
0 dancer l_elbow 1 -5.38338 -2.77166 -2.35751;
0 dancer l_hand 1 -5.08873 -2.79419 -2.74897;
0 dancer r_shoulder 1 -4.54578 -2.29466 -1.95208;
0 dancer r_elbow 1 -4.02731 -2.65563 -2.16178;
0 dancer r_hand 1 -3.78242 -2.6636 -2.57756;
0 dancer torso 1 -4.92466 -2.74363 -2.09542;
0 dancer l_hip 1 -5.13293 -3.17969 -2.15918;
0 dancer l_knee 1 -5.13293 -4.02496 -2.15918;
0 dancer l_foot 1 -5.13293 -4.83772 -2.15918;
0 dancer r_hip 1 -4.70649 -3.14741 -1.96029;
0 dancer r_knee 1 -4.70649 -3.99268 -1.96029;
0 dancer r_foot 1 -4.70649 -4.80544 -1.96029;
33.3787 dancer head 1 -4.97561 -1.89519 -2.16747;
0 dancer neck 1 -4.93029 -2.32454 -2.13142;
0 dancer l_shoulder 1 -5.31425 -2.35266 -2.31045;
0 dancer l_elbow 1 -5.38191 -2.77044 -2.35474;
0 dancer l_hand 1 -5.08996 -2.79367 -2.74669;
0 dancer r_shoulder 1 -4.54634 -2.29641 -1.95238;
0 dancer r_elbow 1 -4.02597 -2.65621 -2.16226;
0 dancer r_hand 1 -3.78159 -2.66437 -2.57811;
0 dancer torso 1 -4.92818 -2.74442 -2.09545;
0 dancer l_hip 1 -5.13936 -3.17993 -2.15893;
0 dancer l_knee 1 -5.13936 -4.0252 -2.15893;
0 dancer l_foot 1 -5.13936 -4.83796 -2.15893;
0 dancer r_hip 1 -4.71278 -3.14869 -1.96002;
0 dancer r_knee 1 -4.71278 -3.99395 -1.96002;
0 dancer r_foot 1 -4.71278 -4.80671 -1.96002;
31.9274 dancer head 1 -4.97654 -1.89585 -2.16723;
0 dancer neck 1 -4.92977 -2.32414 -2.13161;
0 dancer l_shoulder 1 -5.31213 -2.35354 -2.31138;
0 dancer l_elbow 1 -5.38351 -2.77398 -2.36405;
0 dancer l_hand 1 -5.08024 -2.79345 -2.75391;
0 dancer r_shoulder 1 -4.5474 -2.29474 -1.95185;
0 dancer r_elbow 1 -4.02678 -2.65701 -2.1611;
0 dancer r_hand 1 -3.78181 -2.66288 -2.57689;
0 dancer torso 1 -4.9252 -2.74399 -2.09542;
0 dancer l_hip 1 -5.13305 -3.18016 -2.15908;
0 dancer l_knee 1 -5.13305 -4.02543 -2.15908;
0 dancer l_foot 1 -5.13305 -4.83819 -2.15908;
0 dancer r_hip 1 -4.70823 -3.1475 -1.95936;
0 dancer r_knee 1 -4.70823 -3.99277 -1.95936;
0 dancer r_foot 1 -4.70823 -4.80552 -1.95936;
36.2812 dancer head 1 -4.97621 -1.89634 -2.16747;
0 dancer neck 1 -4.93258 -2.32399 -2.1321;
0 dancer l_shoulder 1 -5.31668 -2.35245 -2.31102;
0 dancer l_elbow 1 -5.38508 -2.77391 -2.36703;
0 dancer l_hand 1 -5.0754 -2.79315 -2.75565;
0 dancer r_shoulder 1 -4.54848 -2.29553 -1.95317;
0 dancer r_elbow 1 -4.02674 -2.65628 -2.16135;
0 dancer r_hand 1 -3.78036 -2.66313 -2.57692;
0 dancer torso 1 -4.93092 -2.74377 -2.09542;
0 dancer l_hip 1 -5.14263 -3.17936 -2.15814;
0 dancer l_knee 1 -5.14263 -4.02463 -2.15814;
0 dancer l_foot 1 -5.14263 -4.83738 -2.15814;
0 dancer r_hip 1 -4.71589 -3.14773 -1.95936;
0 dancer r_knee 1 -4.71589 -3.993 -1.95936;
0 dancer r_foot 1 -4.71589 -4.80576 -1.95936;
30.4762 dancer head 1 -4.97829 -1.89712 -2.16644;
0 dancer neck 1 -4.93127 -2.32538 -2.13175;
0 dancer l_shoulder 1 -5.31371 -2.35474 -2.31148;
0 dancer l_elbow 1 -5.39114 -2.77861 -2.37213;
0 dancer l_hand 1 -5.07268 -2.79311 -2.75907;
0 dancer r_shoulder 1 -4.54883 -2.29602 -1.95202;
0 dancer r_elbow 1 -4.02835 -2.65661 -2.16096;
0 dancer r_hand 1 -3.78081 -2.6625 -2.57637;
0 dancer torso 1 -4.92817 -2.74512 -2.09483;
0 dancer l_hip 1 -5.13751 -3.18116 -2.15775;
0 dancer l_knee 1 -5.13751 -4.02643 -2.15775;
0 dancer l_foot 1 -5.13751 -4.83919 -2.15775;
0 dancer r_hip 1 -4.71261 -3.14855 -1.95807;
0 dancer r_knee 1 -4.71261 -3.99381 -1.95807;
0 dancer r_foot 1 -4.71261 -4.80657 -1.95807;
33.3787 dancer head 1 -4.9788 -1.89612 -2.16679;
0 dancer neck 1 -4.93206 -2.32484 -2.13171;
0 dancer l_shoulder 1 -5.31614 -2.35371 -2.31061;
0 dancer l_elbow 1 -5.39467 -2.7801 -2.37431;
0 dancer l_hand 1 -5.06634 -2.79209 -2.75923;
0 dancer r_shoulder 1 -4.54798 -2.29596 -1.95281;
0 dancer r_elbow 1 -4.02651 -2.65762 -2.16193;
0 dancer r_hand 1 -3.7797 -2.66273 -2.57745;
0 dancer torso 1 -4.92968 -2.74459 -2.09488;
0 dancer l_hip 1 -5.14065 -3.18039 -2.15743;
0 dancer l_knee 1 -5.14065 -4.02566 -2.15743;
0 dancer l_foot 1 -5.14065 -4.83842 -2.15743;
0 dancer r_hip 1 -4.71393 -3.14831 -1.95867;
0 dancer r_knee 1 -4.71393 -3.99358 -1.95867;
0 dancer r_foot 1 -4.71393 -4.80634 -1.95867;
36.2812 dancer head 1 -4.97976 -1.89708 -2.16555;
0 dancer neck 1 -4.93193 -2.32513 -2.13171;
0 dancer l_shoulder 1 -5.31633 -2.35383 -2.31045;
0 dancer l_elbow 1 -5.39127 -2.7801 -2.37459;
0 dancer l_hand 1 -5.06357 -2.79167 -2.75968;
0 dancer r_shoulder 1 -4.54754 -2.29643 -1.95296;
0 dancer r_elbow 1 -4.02699 -2.658 -2.16108;
0 dancer r_hand 1 -3.78073 -2.66224 -2.57669;
0 dancer torso 1 -4.92764 -2.74506 -2.09609;
0 dancer l_hip 1 -5.13688 -3.18094 -2.15976;
0 dancer l_knee 1 -5.13688 -4.02621 -2.15976;
0 dancer l_foot 1 -5.13688 -4.83897 -2.15976;
0 dancer r_hip 1 -4.7098 -3.14905 -1.96117;
0 dancer r_knee 1 -4.7098 -3.99432 -1.96117;
0 dancer r_foot 1 -4.7098 -4.80708 -1.96117;
33.3787 dancer head 1 -4.97753 -1.89664 -2.16572;
0 dancer neck 1 -4.93168 -2.32552 -2.13199;
0 dancer l_shoulder 1 -5.31559 -2.3528 -2.31112;
0 dancer l_elbow 1 -5.39223 -2.78009 -2.37766;
0 dancer l_hand 1 -5.05787 -2.79131 -2.76133;
0 dancer r_shoulder 1 -4.54777 -2.29824 -1.95286;
0 dancer r_elbow 1 -4.02697 -2.6584 -2.1617;
0 dancer r_hand 1 -3.78187 -2.66426 -2.57748;
0 dancer torso 1 -4.93093 -2.74547 -2.09642;
0 dancer l_hip 1 -5.14345 -3.18057 -2.16035;
0 dancer l_knee 1 -5.14345 -4.02584 -2.16035;
0 dancer l_foot 1 -5.14345 -4.83859 -2.16035;
0 dancer r_hip 1 -4.71692 -3.15026 -1.96134;
0 dancer r_knee 1 -4.71692 -3.99553 -1.96134;
0 dancer r_foot 1 -4.71692 -4.80828 -1.96134;
34.8299 dancer head 1 -4.97778 -1.89628 -2.16631;
0 dancer neck 1 -4.93166 -2.3255 -2.13232;
0 dancer l_shoulder 1 -5.31473 -2.35342 -2.31184;
0 dancer l_elbow 1 -5.39137 -2.78066 -2.37611;
0 dancer l_hand 1 -5.0641 -2.78942 -2.76133;
0 dancer r_shoulder 1 -4.54859 -2.29758 -1.95279;
0 dancer r_elbow 1 -4.0277 -2.65756 -2.16215;
0 dancer r_hand 1 -3.78117 -2.66401 -2.57771;
0 dancer torso 1 -4.92856 -2.74551 -2.09722;
0 dancer l_hip 1 -5.13826 -3.18104 -2.16185;
0 dancer l_knee 1 -5.13826 -4.02631 -2.16185;
0 dancer l_foot 1 -5.13826 -4.83907 -2.16185;
0 dancer r_hip 1 -4.71266 -3.15002 -1.9624;
0 dancer r_knee 1 -4.71266 -3.99529 -1.9624;
0 dancer r_foot 1 -4.71266 -4.80804 -1.9624;
30.4762 dancer head 1 -4.97646 -1.89561 -2.16633;
0 dancer neck 1 -4.93337 -2.32555 -2.13241;
0 dancer l_shoulder 1 -5.317 -2.35197 -2.31177;
0 dancer l_elbow 1 -5.38775 -2.7772 -2.37437;
0 dancer l_hand 1 -5.06728 -2.78808 -2.76099;
0 dancer r_shoulder 1 -4.54974 -2.29913 -1.95306;
0 dancer r_elbow 1 -4.02455 -2.65839 -2.16308;
0 dancer r_hand 1 -3.77762 -2.66461 -2.57858;
0 dancer torso 1 -4.93301 -2.74564 -2.0978;
0 dancer l_hip 1 -5.14576 -3.18041 -2.16282;
0 dancer l_knee 1 -5.14576 -4.02567 -2.16282;
0 dancer l_foot 1 -5.14576 -4.83843 -2.16282;
0 dancer r_hip 1 -4.71954 -3.15106 -1.96355;
0 dancer r_knee 1 -4.71954 -3.99632 -1.96355;
0 dancer r_foot 1 -4.71954 -4.80908 -1.96355;
31.9274 dancer head 1 -4.9767 -1.89618 -2.16617;
0 dancer neck 1 -4.9323 -2.32502 -2.13166;
0 dancer l_shoulder 1 -5.31751 -2.3516 -2.31015;
0 dancer l_elbow 1 -5.39004 -2.78017 -2.37749;
0 dancer l_hand 1 -5.0626 -2.78964 -2.76266;
0 dancer r_shoulder 1 -4.5471 -2.29843 -1.95316;
0 dancer r_elbow 1 -4.02555 -2.65779 -2.16368;
0 dancer r_hand 1 -3.77845 -2.66496 -2.57914;
0 dancer torso 1 -4.93143 -2.74509 -2.09694;
0 dancer l_hip 1 -5.14454 -3.17994 -2.16138;
0 dancer l_knee 1 -5.14454 -4.02521 -2.16138;
0 dancer l_foot 1 -5.14454 -4.83796 -2.16138;
0 dancer r_hip 1 -4.71657 -3.1504 -1.96306;
0 dancer r_knee 1 -4.71657 -3.99567 -1.96306;
0 dancer r_foot 1 -4.71657 -4.80843 -1.96306;
34.8299 dancer head 1 -4.97533 -1.89602 -2.16609;
0 dancer neck 1 -4.93232 -2.3256 -2.13245;
0 dancer l_shoulder 1 -5.31731 -2.35134 -2.31113;
0 dancer l_elbow 1 -5.39221 -2.78174 -2.38192;
0 dancer l_hand 1 -5.05986 -2.7911 -2.76605;
0 dancer r_shoulder 1 -4.54733 -2.29987 -1.95377;
0 dancer r_elbow 1 -4.02508 -2.65732 -2.16335;
0 dancer r_hand 1 -3.7767 -2.66537 -2.57861;
0 dancer torso 1 -4.93371 -2.74567 -2.09767;
0 dancer l_hip 1 -5.14896 -3.18004 -2.16214;
0 dancer l_knee 1 -5.14896 -4.02531 -2.16214;
0 dancer l_foot 1 -5.14896 -4.83806 -2.16214;
0 dancer r_hip 1 -4.72123 -3.15144 -1.96362;
0 dancer r_knee 1 -4.72123 -3.99671 -1.96362;
0 dancer r_foot 1 -4.72123 -4.80947 -1.96362;
34.8299 dancer head 1 -4.97797 -1.89486 -2.16692;
0 dancer neck 1 -4.93635 -2.3246 -2.13285;
0 dancer l_shoulder 1 -5.32273 -2.35061 -2.31076;
0 dancer l_elbow 1 -5.39519 -2.7844 -2.38374;
0 dancer l_hand 1 -5.06204 -2.79215 -2.76773;
0 dancer r_shoulder 1 -4.54997 -2.29858 -1.95495;
0 dancer r_elbow 1 -4.02477 -2.65806 -2.16337;
0 dancer r_hand 1 -3.77819 -2.66331 -2.57892;
0 dancer torso 1 -4.93654 -2.74469 -2.09819;
0 dancer l_hip 1 -5.15138 -3.17923 -2.16236;
0 dancer l_knee 1 -5.15138 -4.02449 -2.16236;
0 dancer l_foot 1 -5.15138 -4.83725 -2.16236;
0 dancer r_hip 1 -4.7221 -3.15032 -1.9647;
0 dancer r_knee 1 -4.7221 -3.99559 -1.9647;
0 dancer r_foot 1 -4.7221 -4.80835 -1.9647;
31.9274 dancer head 1 -4.97746 -1.89519 -2.16758;
0 dancer neck 1 -4.93429 -2.32456 -2.13263;
0 dancer l_shoulder 1 -5.31895 -2.35198 -2.31134;
0 dancer l_elbow 1 -5.39807 -2.78488 -2.38527;
0 dancer l_hand 1 -5.06201 -2.79271 -2.76863;
0 dancer r_shoulder 1 -4.54963 -2.29715 -1.95391;
0 dancer r_elbow 1 -4.0271 -2.65742 -2.16201;
0 dancer r_hand 1 -3.78056 -2.66307 -2.57757;
0 dancer torso 1 -4.93346 -2.74448 -2.09684;
0 dancer l_hip 1 -5.14631 -3.17963 -2.16034;
0 dancer l_knee 1 -5.14631 -4.0249 -2.16034;
0 dancer l_foot 1 -5.14631 -4.83766 -2.16034;
0 dancer r_hip 1 -4.71894 -3.14917 -1.96178;
0 dancer r_knee 1 -4.71894 -3.99444 -1.96178;
0 dancer r_foot 1 -4.71894 -4.8072 -1.96178;
34.8299 dancer head 1 -4.97908 -1.89625 -2.16699;
0 dancer neck 1 -4.93474 -2.32527 -2.13292;
0 dancer l_shoulder 1 -5.31811 -2.35319 -2.31229;
0 dancer l_elbow 1 -5.38728 -2.77838 -2.37512;
0 dancer l_hand 1 -5.07171 -2.79114 -2.76257;
0 dancer r_shoulder 1 -4.55136 -2.29735 -1.95356;
0 dancer r_elbow 1 -4.02809 -2.65758 -2.16118;
0 dancer r_hand 1 -3.78153 -2.66211 -2.57675;
0 dancer torso 1 -4.93288 -2.74519 -2.09715;
0 dancer l_hip 1 -5.14398 -3.18062 -2.16101;
0 dancer l_knee 1 -5.14398 -4.02589 -2.16101;
0 dancer l_foot 1 -5.14398 -4.83864 -2.16101;
0 dancer r_hip 1 -4.71804 -3.1496 -1.96174;
0 dancer r_knee 1 -4.71804 -3.99487 -1.96174;
0 dancer r_foot 1 -4.71804 -4.80762 -1.96174;
31.9274 dancer head 1 -4.97911 -1.89553 -2.16633;
0 dancer neck 1 -4.93575 -2.32451 -2.1327;
0 dancer l_shoulder 1 -5.32094 -2.35155 -2.31116;
0 dancer l_elbow 1 -5.3891 -2.77762 -2.37163;
0 dancer l_hand 1 -5.07307 -2.7917 -2.75905;
0 dancer r_shoulder 1 -4.55056 -2.29748 -1.95423;
0 dancer r_elbow 1 -4.02666 -2.65746 -2.1621;
0 dancer r_hand 1 -3.7788 -2.66324 -2.57746;
0 dancer torso 1 -4.93547 -2.74445 -2.09706;
0 dancer l_hip 1 -5.14917 -3.17941 -2.16057;
0 dancer l_knee 1 -5.14917 -4.02468 -2.16057;
0 dancer l_foot 1 -5.14917 -4.83744 -2.16057;
0 dancer r_hip 1 -4.72121 -3.14938 -1.96229;
0 dancer r_knee 1 -4.72121 -3.99465 -1.96229;
0 dancer r_foot 1 -4.72121 -4.8074 -1.96229;
31.9274 dancer head 1 -4.97719 -1.89476 -2.1663;
0 dancer neck 1 -4.93443 -2.32406 -2.13212;
0 dancer l_shoulder 1 -5.31849 -2.35032 -2.31126;
0 dancer l_elbow 1 -5.39336 -2.78046 -2.38043;
0 dancer l_hand 1 -5.05924 -2.7898 -2.76402;
0 dancer r_shoulder 1 -4.55037 -2.2978 -1.95298;
0 dancer r_elbow 1 -4.02657 -2.65828 -2.16199;
0 dancer r_hand 1 -3.77877 -2.66225 -2.57737;
0 dancer torso 1 -4.93603 -2.74402 -2.09664;
0 dancer l_hip 1 -5.15097 -3.17857 -2.16066;
0 dancer l_knee 1 -5.15097 -4.02384 -2.16066;
0 dancer l_foot 1 -5.15097 -4.8366 -2.16066;
0 dancer r_hip 1 -4.72427 -3.1494 -1.96164;
0 dancer r_knee 1 -4.72427 -3.99467 -1.96164;
0 dancer r_foot 1 -4.72427 -4.80743 -1.96164;
37.7324 dancer head 1 -4.97735 -1.89547 -2.16611;
0 dancer neck 1 -4.93387 -2.32502 -2.13163;
0 dancer l_shoulder 1 -5.31671 -2.3516 -2.31139;
0 dancer l_elbow 1 -5.40109 -2.78491 -2.38717;
0 dancer l_hand 1 -5.06144 -2.78918 -2.76966;
0 dancer r_shoulder 1 -4.55104 -2.29844 -1.95186;
0 dancer r_elbow 1 -4.02902 -2.65811 -2.16081;
0 dancer r_hand 1 -3.77962 -2.66258 -2.57595;
0 dancer torso 1 -4.93473 -2.745 -2.09624;
0 dancer l_hip 1 -5.14826 -3.17975 -2.16072;
0 dancer l_knee 1 -5.14826 -4.02501 -2.16072;
0 dancer l_foot 1 -5.14826 -4.83777 -2.16072;
0 dancer r_hip 1 -4.72293 -3.15022 -1.96099;
0 dancer r_knee 1 -4.72293 -3.99549 -1.96099;
0 dancer r_foot 1 -4.72293 -4.80824 -1.96099;
30.4762 dancer head 1 -4.97868 -1.89359 -2.16685;
0 dancer neck 1 -4.93575 -2.32315 -2.13229;
0 dancer l_shoulder 1 -5.31992 -2.34916 -2.3114;
0 dancer l_elbow 1 -5.38726 -2.79395 -2.42399;
0 dancer l_hand 1 -5.01185 -2.78063 -2.7972;
0 dancer r_shoulder 1 -4.55159 -2.29713 -1.95319;
0 dancer r_elbow 1 -4.02769 -2.65806 -2.16017;
0 dancer r_hand 1 -3.77973 -2.66288 -2.57552;
0 dancer torso 1 -4.93619 -2.74325 -2.09774;
0 dancer l_hip 1 -5.15003 -3.1778 -2.16268;
0 dancer l_knee 1 -5.15003 -4.02307 -2.16268;
0 dancer l_foot 1 -5.15003 -4.83583 -2.16268;
0 dancer r_hip 1 -4.72321 -3.1489 -1.96369;
0 dancer r_knee 1 -4.72321 -3.99417 -1.96369;
0 dancer r_foot 1 -4.72321 -4.80693 -1.96369;
30.4762 dancer head 1 -4.97927 -1.89437 -2.16585;
0 dancer neck 1 -4.93429 -2.32503 -2.13204;
0 dancer l_shoulder 1 -5.31592 -2.35087 -2.3125;
0 dancer l_elbow 1 -5.40263 -2.79362 -2.42483;
0 dancer l_hand 1 -5.013 -2.78492 -2.79478;
0 dancer r_shoulder 1 -4.55266 -2.29919 -1.95158;
0 dancer r_elbow 1 -4.02795 -2.65827 -2.16019;
0 dancer r_hand 1 -3.77899 -2.66316 -2.5754;
0 dancer torso 1 -4.93406 -2.74525 -2.09831;
0 dancer l_hip 1 -5.14583 -3.17983 -2.16483;
0 dancer l_knee 1 -5.14583 -4.0251 -2.16483;
0 dancer l_foot 1 -5.14583 -4.83786 -2.16483;
0 dancer r_hip 1 -4.72183 -3.15112 -1.96434;
0 dancer r_knee 1 -4.72183 -3.99639 -1.96434;
0 dancer r_foot 1 -4.72183 -4.80915 -1.96434;
36.2812 dancer head 1 -4.9782 -1.89605 -2.16613;
0 dancer neck 1 -4.93105 -2.32641 -2.13169;
0 dancer l_shoulder 1 -5.31216 -2.35386 -2.31229;
0 dancer l_elbow 1 -5.41238 -2.79198 -2.42088;
0 dancer l_hand 1 -5.02267 -2.78875 -2.7911;
0 dancer r_shoulder 1 -4.54993 -2.29895 -1.95109;
0 dancer r_elbow 1 -4.02819 -2.65826 -2.16135;
0 dancer r_hand 1 -3.78195 -2.66454 -2.57695;
0 dancer torso 1 -4.92967 -2.74641 -2.0965;
0 dancer l_hip 1 -5.14001 -3.18167 -2.16164;
0 dancer l_knee 1 -5.14001 -4.02694 -2.16164;
0 dancer l_foot 1 -5.14001 -4.8397 -2.16164;
0 dancer r_hip 1 -4.71658 -3.15117 -1.96099;
0 dancer r_knee 1 -4.71658 -3.99643 -1.96099;
0 dancer r_foot 1 -4.71658 -4.80919 -1.96099;
33.3787 dancer head 1 -4.97877 -1.89486 -2.16661;
0 dancer neck 1 -4.93422 -2.32448 -2.1322;
0 dancer l_shoulder 1 -5.31781 -2.3516 -2.31151;
0 dancer l_elbow 1 -5.41706 -2.79146 -2.41183;
0 dancer l_hand 1 -5.03562 -2.79057 -2.78431;
0 dancer r_shoulder 1 -4.55063 -2.29736 -1.95289;
0 dancer r_elbow 1 -4.02706 -2.65876 -2.16213;
0 dancer r_hand 1 -3.78076 -2.66313 -2.57774;
0 dancer torso 1 -4.93513 -2.74433 -2.096;
0 dancer l_hip 1 -5.14914 -3.17924 -2.1594;
0 dancer l_knee 1 -5.14914 -4.02451 -2.1594;
0 dancer l_foot 1 -5.14914 -4.83727 -2.1594;
0 dancer r_hip 1 -4.72296 -3.14912 -1.96019;
0 dancer r_knee 1 -4.72296 -3.99439 -1.96019;
0 dancer r_foot 1 -4.72296 -4.80714 -1.96019;
31.9274 dancer head 1 -4.97741 -1.89508 -2.16746;
0 dancer neck 1 -4.93471 -2.32375 -2.13227;
0 dancer l_shoulder 1 -5.31676 -2.35093 -2.31239;
0 dancer l_elbow 1 -5.3907 -2.79568 -2.43659;
0 dancer l_hand 1 -4.99485 -2.78125 -2.80499;
0 dancer r_shoulder 1 -4.55266 -2.29657 -1.95214;
0 dancer r_elbow 1 -4.02892 -2.65791 -2.16065;
0 dancer r_hand 1 -3.7796 -2.66351 -2.5758;
0 dancer torso 1 -4.93661 -2.74353 -2.09562;
0 dancer l_hip 1 -5.15074 -3.17842 -2.15904;
0 dancer l_knee 1 -5.15074 -4.02368 -2.15904;
0 dancer l_foot 1 -5.15074 -4.83644 -2.15904;
0 dancer r_hip 1 -4.72628 -3.14822 -1.95892;
0 dancer r_knee 1 -4.72628 -3.99348 -1.95892;
0 dancer r_foot 1 -4.72628 -4.80624 -1.95892;
34.8299 dancer head 1 -4.9775 -1.8952 -2.16775;
0 dancer neck 1 -4.93606 -2.32269 -2.13254;
0 dancer l_shoulder 1 -5.31932 -2.35011 -2.31201;
0 dancer l_elbow 1 -5.40764 -2.79462 -2.43201;
0 dancer l_hand 1 -5.00707 -2.78542 -2.79936;
0 dancer r_shoulder 1 -4.5528 -2.29527 -1.95308;
0 dancer r_elbow 1 -4.02964 -2.65777 -2.15982;
0 dancer r_hand 1 -3.7807 -2.66276 -2.57503;
0 dancer torso 1 -4.93566 -2.74259 -2.09667;
0 dancer l_hip 1 -5.14816 -3.17773 -2.16049;
0 dancer l_knee 1 -5.14816 -4.023 -2.16049;
0 dancer l_foot 1 -5.14816 -4.83576 -2.16049;
0 dancer r_hip 1 -4.72235 -3.14727 -1.9611;
0 dancer r_knee 1 -4.72235 -3.99253 -1.9611;
0 dancer r_foot 1 -4.72235 -4.80529 -1.9611;
31.9274 dancer head 1 -4.97886 -1.89603 -2.16667;
0 dancer neck 1 -4.93696 -2.32407 -2.1322;
0 dancer l_shoulder 1 -5.32033 -2.35073 -2.31167;
0 dancer l_elbow 1 -5.41077 -2.79076 -2.42131;
0 dancer l_hand 1 -5.01818 -2.78501 -2.7909;
0 dancer r_shoulder 1 -4.55358 -2.29741 -1.95273;
0 dancer r_elbow 1 -4.02859 -2.65826 -2.15951;
0 dancer r_hand 1 -3.78199 -2.66267 -2.57507;
0 dancer torso 1 -4.93593 -2.74417 -2.09764;
0 dancer l_hip 1 -5.14788 -3.17908 -2.16278;
0 dancer l_knee 1 -5.14788 -4.02434 -2.16278;
0 dancer l_foot 1 -5.14788 -4.8371 -2.16278;
0 dancer r_hip 1 -4.72194 -3.14945 -1.96339;
0 dancer r_knee 1 -4.72194 -3.99472 -1.96339;
0 dancer r_foot 1 -4.72194 -4.80748 -1.96339;
31.9274 dancer head 1 -4.97723 -1.89575 -2.16732;
0 dancer neck 1 -4.93467 -2.32451 -2.13207;
0 dancer l_shoulder 1 -5.3177 -2.35164 -2.31169;
0 dancer l_elbow 1 -5.40762 -2.78976 -2.407;
0 dancer l_hand 1 -5.03403 -2.78886 -2.7814;
0 dancer r_shoulder 1 -4.55164 -2.29739 -1.95245;
0 dancer r_elbow 1 -4.02775 -2.65811 -2.1609;
0 dancer r_hand 1 -3.7811 -2.66302 -2.57645;
0 dancer torso 1 -4.93451 -2.74446 -2.09648;
0 dancer l_hip 1 -5.14713 -3.17948 -2.16067;
0 dancer l_knee 1 -5.14713 -4.02475 -2.16067;
0 dancer l_foot 1 -5.14713 -4.83751 -2.16067;
0 dancer r_hip 1 -4.72158 -3.14934 -1.96111;
0 dancer r_knee 1 -4.72158 -3.99461 -1.96111;
0 dancer r_foot 1 -4.72158 -4.80737 -1.96111;
36.2812 dancer head 1 -4.97622 -1.89573 -2.16757;
0 dancer neck 1 -4.93431 -2.325 -2.1319;
0 dancer l_shoulder 1 -5.31846 -2.35133 -2.31098;
0 dancer l_elbow 1 -5.40097 -2.78668 -2.39257;
0 dancer l_hand 1 -5.04797 -2.78782 -2.77188;
0 dancer r_shoulder 1 -4.55017 -2.29867 -1.95281;
0 dancer r_elbow 1 -4.02719 -2.65735 -2.16156;
0 dancer r_hand 1 -3.77684 -2.66466 -2.57653;
0 dancer torso 1 -4.93594 -2.74495 -2.09629;
0 dancer l_hip 1 -5.15097 -3.17952 -2.16017;
0 dancer l_knee 1 -5.15097 -4.02479 -2.16017;
0 dancer l_foot 1 -5.15097 -4.83754 -2.16017;
0 dancer r_hip 1 -4.72418 -3.15026 -1.9612;
0 dancer r_knee 1 -4.72418 -3.99553 -1.9612;
0 dancer r_foot 1 -4.72418 -4.80829 -1.9612;
31.9274 dancer head 1 -4.98008 -1.89499 -2.16595;
0 dancer neck 1 -4.93402 -2.32365 -2.1315;
0 dancer l_shoulder 1 -5.3177 -2.35155 -2.3107;
0 dancer l_elbow 1 -5.39006 -2.78593 -2.38411;
0 dancer l_hand 1 -5.05873 -2.78774 -2.76824;
0 dancer r_shoulder 1 -4.55034 -2.29576 -1.9523;
0 dancer r_elbow 1 -4.02853 -2.65732 -2.16157;
0 dancer r_hand 1 -3.7798 -2.6636 -2.5768;
0 dancer torso 1 -4.93142 -2.74363 -2.09612;
0 dancer l_hip 1 -5.14196 -3.17909 -2.16029;
0 dancer l_knee 1 -5.14196 -4.02436 -2.16029;
0 dancer l_foot 1 -5.14196 -4.83712 -2.16029;
0 dancer r_hip 1 -4.71568 -3.1481 -1.9612;
0 dancer r_knee 1 -4.71568 -3.99337 -1.9612;
0 dancer r_foot 1 -4.71568 -4.80613 -1.9612;
31.9274 dancer head 1 -4.97813 -1.89376 -2.1659;
0 dancer neck 1 -4.93165 -2.32241 -2.131;
0 dancer l_shoulder 1 -5.31427 -2.35106 -2.3107;
0 dancer l_elbow 1 -5.39045 -2.78437 -2.38247;
0 dancer l_hand 1 -5.06475 -2.79087 -2.7679;
0 dancer r_shoulder 1 -4.54903 -2.29376 -1.9513;
0 dancer r_elbow 1 -4.0291 -2.65672 -2.16031;
0 dancer r_hand 1 -3.78049 -2.66314 -2.57555;
0 dancer torso 1 -4.93028 -2.74215 -2.09408;
0 dancer l_hip 1 -5.14147 -3.1778 -2.15699;
0 dancer l_knee 1 -5.14147 -4.02307 -2.15699;
0 dancer l_foot 1 -5.14147 -4.83583 -2.15699;
0 dancer r_hip 1 -4.71637 -3.14597 -1.95734;
0 dancer r_knee 1 -4.71637 -3.99124 -1.95734;
0 dancer r_foot 1 -4.71637 -4.804 -1.95734;
36.2812 dancer head 1 -4.97646 -1.89491 -2.16556;
0 dancer neck 1 -4.93012 -2.32348 -2.13121;
0 dancer l_shoulder 1 -5.31287 -2.35218 -2.31084;
0 dancer l_elbow 1 -5.38717 -2.78006 -2.37267;
0 dancer l_hand 1 -5.06807 -2.78902 -2.75952;
0 dancer r_shoulder 1 -4.54737 -2.29478 -1.95158;
0 dancer r_elbow 1 -4.0273 -2.65738 -2.1602;
0 dancer r_hand 1 -3.77911 -2.66247 -2.57552;
0 dancer torso 1 -4.93025 -2.74308 -2.09342;
0 dancer l_hip 1 -5.143 -3.17863 -2.15543;
0 dancer l_knee 1 -5.143 -4.0239 -2.15543;
0 dancer l_foot 1 -5.143 -4.83666 -2.15543;
0 dancer r_hip 1 -4.71776 -3.14674 -1.95586;
0 dancer r_knee 1 -4.71776 -3.99201 -1.95586;
0 dancer r_foot 1 -4.71776 -4.80477 -1.95586;
31.9274 dancer head 1 -4.97871 -1.89413 -2.16504;
0 dancer neck 1 -4.93079 -2.32307 -2.13079;
0 dancer l_shoulder 1 -5.31231 -2.35271 -2.31098;
0 dancer l_elbow 1 -5.38557 -2.7743 -2.36102;
0 dancer l_hand 1 -5.07804 -2.7912 -2.75002;
0 dancer r_shoulder 1 -4.54926 -2.29344 -1.9506;
0 dancer r_elbow 1 -4.02831 -2.65735 -2.15974;
0 dancer r_hand 1 -3.78165 -2.66208 -2.57529;
0 dancer torso 1 -4.929 -2.74266 -2.09292;
0 dancer l_hip 1 -5.13916 -3.17872 -2.15514;
0 dancer l_knee 1 -5.13916 -4.02398 -2.15514;
0 dancer l_foot 1 -5.13916 -4.83674 -2.15514;
0 dancer r_hip 1 -4.71528 -3.14579 -1.95494;
0 dancer r_knee 1 -4.71528 -3.99106 -1.95494;
0 dancer r_foot 1 -4.71528 -4.80382 -1.95494;
33.3787 dancer head 1 -4.97714 -1.89305 -2.16498;
0 dancer neck 1 -4.93229 -2.32202 -2.13096;
0 dancer l_shoulder 1 -5.31519 -2.35078 -2.31051;
0 dancer l_elbow 1 -5.38452 -2.76937 -2.35273;
0 dancer l_hand 1 -5.08498 -2.78946 -2.74325;
0 dancer r_shoulder 1 -4.54939 -2.29325 -1.95142;
0 dancer r_elbow 1 -4.02828 -2.65635 -2.15987;
0 dancer r_hand 1 -3.77819 -2.66455 -2.57486;
0 dancer torso 1 -4.93279 -2.74157 -2.09289;
0 dancer l_hip 1 -5.146 -3.17711 -2.15455;
0 dancer l_knee 1 -5.146 -4.02238 -2.15455;
0 dancer l_foot 1 -5.146 -4.83514 -2.15455;
0 dancer r_hip 1 -4.72059 -3.14516 -1.95507;
0 dancer r_knee 1 -4.72059 -3.99042 -1.95507;
0 dancer r_foot 1 -4.72059 -4.80318 -1.95507;
34.8299 dancer head 1 -4.97758 -1.89518 -2.16593;
0 dancer neck 1 -4.93218 -2.32448 -2.13129;
0 dancer l_shoulder 1 -5.31407 -2.35445 -2.31126;
0 dancer l_elbow 1 -5.38563 -2.76759 -2.35;
0 dancer l_hand 1 -5.09074 -2.79208 -2.74129;
0 dancer r_shoulder 1 -4.55028 -2.29452 -1.95133;
0 dancer r_elbow 1 -4.0295 -2.6554 -2.15931;
0 dancer r_hand 1 -3.78402 -2.66524 -2.57497;
0 dancer torso 1 -4.93059 -2.74398 -2.09284;
0 dancer l_hip 1 -5.14115 -3.18013 -2.15436;
0 dancer l_knee 1 -5.14115 -4.02539 -2.15436;
0 dancer l_foot 1 -5.14115 -4.83815 -2.15436;
0 dancer r_hip 1 -4.71686 -3.14683 -1.95441;
0 dancer r_knee 1 -4.71686 -3.9921 -1.95441;
0 dancer r_foot 1 -4.71686 -4.80486 -1.95441;
31.9274 dancer head 1 -4.97764 -1.89711 -2.16672;
0 dancer neck 1 -4.93049 -2.327 -2.13057;
0 dancer l_shoulder 1 -5.3111 -2.35804 -2.31112;
0 dancer l_elbow 1 -5.38199 -2.76836 -2.35931;
0 dancer l_hand 1 -5.0788 -2.79013 -2.74911;
0 dancer r_shoulder 1 -4.54988 -2.29597 -1.95003;
0 dancer r_elbow 1 -4.03021 -2.65464 -2.1607;
0 dancer r_hand 1 -3.78353 -2.66549 -2.57617;
0 dancer torso 1 -4.92621 -2.74651 -2.09227;
0 dancer l_hip 1 -5.13335 -3.18326 -2.15426;
0 dancer l_knee 1 -5.13335 -4.02853 -2.15426;
0 dancer l_foot 1 -5.13335 -4.84129 -2.15426;
0 dancer r_hip 1 -4.71049 -3.14878 -1.95367;
0 dancer r_knee 1 -4.71049 -3.99405 -1.95367;
0 dancer r_foot 1 -4.71049 -4.80681 -1.95367;
31.9274 dancer head 1 -4.9788 -1.89656 -2.16792;
0 dancer neck 1 -4.92871 -2.3264 -2.13113;
0 dancer l_shoulder 1 -5.30881 -2.35842 -2.31184;
0 dancer l_elbow 1 -5.39077 -2.77487 -2.36706;
0 dancer l_hand 1 -5.07547 -2.79198 -2.75455;
0 dancer r_shoulder 1 -4.54861 -2.29438 -1.95041;
0 dancer r_elbow 1 -4.03029 -2.65537 -2.16038;
0 dancer r_hand 1 -3.7829 -2.66462 -2.57577;
0 dancer torso 1 -4.92418 -2.74573 -2.09171;
0 dancer l_hip 1 -5.13081 -3.18284 -2.15269;
0 dancer l_knee 1 -5.13081 -4.02811 -2.15269;
0 dancer l_foot 1 -5.13081 -4.84087 -2.15269;
0 dancer r_hip 1 -4.7085 -3.14727 -1.95191;
0 dancer r_knee 1 -4.7085 -3.99254 -1.95191;
0 dancer r_foot 1 -4.7085 -4.80529 -1.95191;
34.8299 dancer head 1 -4.97934 -1.89417 -2.16676;
0 dancer neck 1 -4.92872 -2.32352 -2.13026;
0 dancer l_shoulder 1 -5.31052 -2.35596 -2.31003;
0 dancer l_elbow 1 -5.3896 -2.77673 -2.37498;
0 dancer l_hand 1 -5.06589 -2.79221 -2.7608;
0 dancer r_shoulder 1 -4.54692 -2.29109 -1.95049;
0 dancer r_elbow 1 -4.02831 -2.65688 -2.16069;
0 dancer r_hand 1 -3.78169 -2.66403 -2.57622;
0 dancer torso 1 -4.92385 -2.74276 -2.0903;
0 dancer l_hip 1 -5.13108 -3.18001 -2.1502;
0 dancer l_knee 1 -5.13108 -4.02528 -2.1502;
0 dancer l_foot 1 -5.13108 -4.83804 -2.1502;
0 dancer r_hip 1 -4.70689 -3.14397 -1.95047;
0 dancer r_knee 1 -4.70689 -3.98924 -1.95047;
0 dancer r_foot 1 -4.70689 -4.802 -1.95047;
33.3787 dancer head 1 -4.97953 -1.89499 -2.16632;
0 dancer neck 1 -4.92953 -2.3242 -2.13005;
0 dancer l_shoulder 1 -5.30973 -2.35614 -2.31072;
0 dancer l_elbow 1 -5.39345 -2.77983 -2.37598;
0 dancer l_hand 1 -5.06839 -2.78974 -2.76163;
0 dancer r_shoulder 1 -4.54933 -2.29225 -1.94938;
0 dancer r_elbow 1 -4.02972 -2.65648 -2.15841;
0 dancer r_hand 1 -3.7807 -2.66423 -2.57358;
0 dancer torso 1 -4.92469 -2.74357 -2.09089;
0 dancer l_hip 1 -5.13106 -3.18069 -2.15209;
0 dancer l_knee 1 -5.13106 -4.02595 -2.15209;
0 dancer l_foot 1 -5.13106 -4.83871 -2.15209;
0 dancer r_hip 1 -4.70865 -3.14519 -1.95136;
0 dancer r_knee 1 -4.70865 -3.99046 -1.95136;
0 dancer r_foot 1 -4.70865 -4.80322 -1.95136;
31.9274 dancer head 1 -4.97701 -1.89537 -2.16715;
0 dancer neck 1 -4.92852 -2.32475 -2.12991;
0 dancer l_shoulder 1 -5.3086 -2.35597 -2.31072;
0 dancer l_elbow 1 -5.39506 -2.78292 -2.38117;
0 dancer l_hand 1 -5.0598 -2.79075 -2.76465;
0 dancer r_shoulder 1 -4.54844 -2.29354 -1.94911;
0 dancer r_elbow 1 -4.02896 -2.65749 -2.15846;
0 dancer r_hand 1 -3.78099 -2.66357 -2.57381;
0 dancer torso 1 -4.92617 -2.74408 -2.09042;
0 dancer l_hip 1 -5.13495 -3.18075 -2.15137;
0 dancer l_knee 1 -5.13495 -4.02602 -2.15137;
0 dancer l_foot 1 -5.13495 -4.83877 -2.15137;
0 dancer r_hip 1 -4.71267 -3.14606 -1.95049;
0 dancer r_knee 1 -4.71267 -3.99133 -1.95049;
0 dancer r_foot 1 -4.71267 -4.80409 -1.95049;
36.2812 dancer head 1 -4.97926 -1.89637 -2.16673;
0 dancer neck 1 -4.9292 -2.3257 -2.12982;
0 dancer l_shoulder 1 -5.30942 -2.35783 -2.31047;
0 dancer l_elbow 1 -5.39737 -2.78392 -2.38598;
0 dancer l_hand 1 -5.061 -2.78991 -2.76927;
0 dancer r_shoulder 1 -4.54897 -2.29357 -1.94918;
0 dancer r_elbow 1 -4.03002 -2.65574 -2.15859;
0 dancer r_hand 1 -3.78245 -2.66304 -2.57399;
0 dancer torso 1 -4.924 -2.74506 -2.09061;
0 dancer l_hip 1 -5.13002 -3.18226 -2.15174;
0 dancer l_knee 1 -5.13002 -4.02753 -2.15174;
0 dancer l_foot 1 -5.13002 -4.84029 -2.15174;
0 dancer r_hip 1 -4.70759 -3.14657 -1.95104;
0 dancer r_knee 1 -4.70759 -3.99184 -1.95104;
0 dancer r_foot 1 -4.70759 -4.8046 -1.95104;
31.9274 dancer head 1 -4.97884 -1.89516 -2.16695;
0 dancer neck 1 -4.93002 -2.32475 -2.13046;
0 dancer l_shoulder 1 -5.31127 -2.35616 -2.31063;
0 dancer l_elbow 1 -5.39793 -2.7844 -2.38864;
0 dancer l_hand 1 -5.06294 -2.79211 -2.77223;
0 dancer r_shoulder 1 -4.54878 -2.29334 -1.95029;
0 dancer r_elbow 1 -4.02792 -2.65714 -2.15944;
0 dancer r_hand 1 -3.78123 -2.66376 -2.57497;
0 dancer torso 1 -4.92725 -2.74404 -2.09081;
0 dancer l_hip 1 -5.13625 -3.18079 -2.15125;
0 dancer l_knee 1 -5.13625 -4.02606 -2.15125;
0 dancer l_foot 1 -5.13625 -4.83882 -2.15125;
0 dancer r_hip 1 -4.71268 -3.14589 -1.95108;
0 dancer r_knee 1 -4.71268 -3.99116 -1.95108;
0 dancer r_foot 1 -4.71268 -4.80392 -1.95108;
31.9274 dancer head 1 -4.9786 -1.89559 -2.16656;
0 dancer neck 1 -4.93016 -2.32484 -2.12961;
0 dancer l_shoulder 1 -5.31189 -2.35644 -2.30951;
0 dancer l_elbow 1 -5.40334 -2.78546 -2.38658;
0 dancer l_hand 1 -5.06419 -2.79227 -2.76927;
0 dancer r_shoulder 1 -4.54843 -2.29324 -1.94971;
0 dancer r_elbow 1 -4.03012 -2.65612 -2.15924;
0 dancer r_hand 1 -3.78175 -2.66309 -2.57452;
0 dancer torso 1 -4.92546 -2.74424 -2.09066;
0 dancer l_hip 1 -5.13281 -3.18121 -2.15165;
0 dancer l_knee 1 -5.13281 -4.02647 -2.15165;
0 dancer l_foot 1 -5.13281 -4.83923 -2.15165;
0 dancer r_hip 1 -4.7087 -3.1461 -1.95178;
0 dancer r_knee 1 -4.7087 -3.99137 -1.95178;
0 dancer r_foot 1 -4.7087 -4.80412 -1.95178;
34.8299 dancer head 1 -4.9788 -1.8947 -2.16607;
0 dancer neck 1 -4.92995 -2.32391 -2.12944;
0 dancer l_shoulder 1 -5.31102 -2.35416 -2.30982;
0 dancer l_elbow 1 -5.40404 -2.78497 -2.38619;
0 dancer l_hand 1 -5.06177 -2.79231 -2.76818;
0 dancer r_shoulder 1 -4.54888 -2.29367 -1.94906;
0 dancer r_elbow 1 -4.02909 -2.65727 -2.15895;
0 dancer r_hand 1 -3.78119 -2.66361 -2.5743;
0 dancer torso 1 -4.92645 -2.74352 -2.09171;
0 dancer l_hip 1 -5.13463 -3.17993 -2.15418;
0 dancer l_knee 1 -5.13463 -4.0252 -2.15418;
0 dancer l_foot 1 -5.13463 -4.83796 -2.15418;
0 dancer r_hip 1 -4.71126 -3.14633 -1.95378;
0 dancer r_knee 1 -4.71126 -3.9916 -1.95378;
0 dancer r_foot 1 -4.71126 -4.80435 -1.95378;
33.3787 dancer head 1 -4.97861 -1.89593 -2.16592;
0 dancer neck 1 -4.92916 -2.32532 -2.12987;
0 dancer l_shoulder 1 -5.30952 -2.35677 -2.31051;
0 dancer l_elbow 1 -5.39772 -2.78326 -2.38093;
0 dancer l_hand 1 -5.05984 -2.79219 -2.76388;
0 dancer r_shoulder 1 -4.54881 -2.29387 -1.94923;
0 dancer r_elbow 1 -4.03121 -2.65581 -2.15927;
0 dancer r_hand 1 -3.78175 -2.66351 -2.57438;
0 dancer torso 1 -4.92369 -2.74484 -2.09166;
0 dancer l_hip 1 -5.12951 -3.18184 -2.1538;
0 dancer l_knee 1 -5.12951 -4.02711 -2.1538;
0 dancer l_foot 1 -5.12951 -4.83986 -2.1538;
0 dancer r_hip 1 -4.70693 -3.14689 -1.9531;
0 dancer r_knee 1 -4.70693 -3.99216 -1.9531;
0 dancer r_foot 1 -4.70693 -4.80492 -1.9531;
36.2812 dancer head 1 -4.97877 -1.89412 -2.1654;
0 dancer neck 1 -4.93053 -2.32344 -2.12974;
0 dancer l_shoulder 1 -5.31218 -2.35325 -2.30985;
0 dancer l_elbow 1 -5.39567 -2.78249 -2.37832;
0 dancer l_hand 1 -5.06815 -2.78971 -2.76349;
0 dancer r_shoulder 1 -4.54887 -2.29362 -1.94963;
0 dancer r_elbow 1 -4.02801 -2.65704 -2.15944;
0 dancer r_hand 1 -3.7817 -2.6618 -2.57503;
0 dancer torso 1 -4.92711 -2.74312 -2.09247;
0 dancer l_hip 1 -5.1357 -3.17936 -2.15524;
0 dancer l_knee 1 -5.1357 -4.02463 -2.15524;
0 dancer l_foot 1 -5.1357 -4.83739 -2.15524;
0 dancer r_hip 1 -4.71167 -3.14623 -1.95514;
0 dancer r_knee 1 -4.71167 -3.9915 -1.95514;
0 dancer r_foot 1 -4.71167 -4.80426 -1.95514;
31.9274 dancer head 1 -4.97827 -1.89273 -2.16373;
0 dancer neck 1 -4.93131 -2.3219 -2.12874;
0 dancer l_shoulder 1 -5.31358 -2.3505 -2.30864;
0 dancer l_elbow 1 -5.39641 -2.78311 -2.38244;
0 dancer l_hand 1 -5.08357 -2.79488 -2.77053;
0 dancer r_shoulder 1 -4.54904 -2.2933 -1.94885;
0 dancer r_elbow 1 -4.026 -2.65807 -2.15882;
0 dancer r_hand 1 -3.7825 -2.66138 -2.57484;
0 dancer torso 1 -4.92994 -2.74166 -2.09193;
0 dancer l_hip 1 -5.14092 -3.17731 -2.15505;
0 dancer l_knee 1 -5.14092 -4.02258 -2.15505;
0 dancer l_foot 1 -5.14092 -4.83533 -2.15505;
0 dancer r_hip 1 -4.71621 -3.14553 -1.95518;
0 dancer r_knee 1 -4.71621 -3.9908 -1.95518;
0 dancer r_foot 1 -4.71621 -4.80356 -1.95518;
31.9274 dancer head 1 -4.97945 -1.89079 -2.16177;
0 dancer neck 1 -4.93245 -2.31891 -2.1268;
0 dancer l_shoulder 1 -5.31597 -2.34787 -2.30599;
0 dancer l_elbow 1 -5.40078 -2.78266 -2.3829;
0 dancer l_hand 1 -5.08192 -2.79645 -2.76976;
0 dancer r_shoulder 1 -4.54892 -2.28995 -1.94761;
0 dancer r_elbow 1 -4.0256 -2.65929 -2.15507;
0 dancer r_hand 1 -3.7872 -2.66171 -2.57182;
0 dancer torso 1 -4.9283 -2.73879 -2.09085;
0 dancer l_hip 1 -5.13721 -3.17476 -2.15444;
0 dancer l_knee 1 -5.13721 -4.02003 -2.15444;
0 dancer l_foot 1 -5.13721 -4.83279 -2.15444;
0 dancer r_hip 1 -4.71111 -3.14258 -1.95535;
0 dancer r_knee 1 -4.71111 -3.98785 -1.95535;
0 dancer r_foot 1 -4.71111 -4.80061 -1.95535;
36.2812 dancer head 1 -4.97834 -1.88977 -2.16108;
0 dancer neck 1 -4.93183 -2.31679 -2.1257;
0 dancer l_shoulder 1 -5.31391 -2.34701 -2.30554;
0 dancer l_elbow 1 -5.38393 -2.76808 -2.36162;
0 dancer l_hand 1 -5.19283 -2.8511 -2.7558;
0 dancer r_shoulder 1 -4.54974 -2.28658 -1.94586;
0 dancer r_elbow 1 -4.02386 -2.66386 -2.14985;
0 dancer r_hand 1 -3.79657 -2.65582 -2.568;
0 dancer torso 1 -4.92641 -2.73654 -2.08891;
0 dancer l_hip 1 -5.13325 -3.17307 -2.15202;
0 dancer l_knee 1 -5.13325 -4.01834 -2.15202;
0 dancer l_foot 1 -5.13325 -4.8311 -2.15202;
0 dancer r_hip 1 -4.70874 -3.1395 -1.95221;
0 dancer r_knee 1 -4.70874 -3.98477 -1.95221;
0 dancer r_foot 1 -4.70874 -4.79753 -1.95221;
31.9274 dancer head 1 -4.98852 -1.88968 -2.15971;
0 dancer neck 1 -4.93587 -2.31802 -2.12539;
0 dancer l_shoulder 1 -5.31276 -2.35025 -2.30771;
0 dancer l_elbow 1 -5.38277 -2.78254 -2.35652;
0 dancer l_hand 1 -5.14175 -2.81514 -2.74976;
0 dancer r_shoulder 1 -4.55897 -2.28578 -1.94306;
0 dancer r_elbow 1 -4.0219 -2.67342 -2.13718;
0 dancer r_hand 1 -3.81077 -2.65471 -2.55715;
0 dancer torso 1 -4.92439 -2.73784 -2.08957;
0 dancer l_hip 1 -5.12228 -3.17557 -2.15503;
0 dancer l_knee 1 -5.12228 -4.02084 -2.15503;
0 dancer l_foot 1 -5.12228 -4.8336 -2.15503;
0 dancer r_hip 1 -4.70354 -3.13976 -1.95247;
0 dancer r_knee 1 -4.70354 -3.98503 -1.95247;
0 dancer r_foot 1 -4.70354 -4.79778 -1.95247;
33.3787 dancer head 1 -4.99366 -1.8875 -2.159;
0 dancer neck 1 -4.9378 -2.31505 -2.12457;
0 dancer l_shoulder 1 -5.30989 -2.34957 -2.3091;
0 dancer l_elbow 1 -5.39149 -2.79579 -2.34725;
0 dancer l_hand 1 -5.11953 -2.80259 -2.73888;
0 dancer r_shoulder 1 -4.56571 -2.28053 -1.94005;
0 dancer r_elbow 1 -4.00805 -2.68977 -2.12477;
0 dancer r_hand 1 -3.83907 -2.64282 -2.54806;
0 dancer torso 1 -4.92031 -2.73484 -2.08921;
0 dancer l_hip 1 -5.10952 -3.17381 -2.15636;
0 dancer l_knee 1 -5.10952 -4.01908 -2.15636;
0 dancer l_foot 1 -5.10952 -4.83184 -2.15636;
0 dancer r_hip 1 -4.69612 -3.13546 -1.95135;
0 dancer r_knee 1 -4.69612 -3.98073 -1.95135;
0 dancer r_foot 1 -4.69612 -4.79348 -1.95135;
34.8299 dancer head 1 -4.99464 -1.88676 -2.15907;
0 dancer neck 1 -4.93723 -2.31414 -2.1232;
0 dancer l_shoulder 1 -5.30168 -2.35151 -2.31114;
0 dancer l_elbow 1 -5.4043 -2.81656 -2.34527;
0 dancer l_hand 1 -5.10774 -2.8077 -2.73416;
0 dancer r_shoulder 1 -4.57279 -2.27677 -1.93526;
0 dancer r_elbow 1 -4.00419 -2.70526 -2.09592;
0 dancer r_hand 1 -3.85258 -2.64345 -2.51908;
0 dancer torso 1 -4.91424 -2.73375 -2.08741;
0 dancer l_hip 1 -5.0937 -3.17412 -2.15602;
0 dancer l_knee 1 -5.0937 -4.01939 -2.15602;
0 dancer l_foot 1 -5.0937 -4.83214 -2.15602;
0 dancer r_hip 1 -4.6888 -3.1326 -1.94722;
0 dancer r_knee 1 -4.6888 -3.97786 -1.94722;
0 dancer r_foot 1 -4.6888 -4.79062 -1.94722;
31.9274 dancer head 1 -4.99671 -1.88548 -2.15826;
0 dancer neck 1 -4.93799 -2.31256 -2.11984;
0 dancer l_shoulder 1 -5.29102 -2.35361 -2.31262;
0 dancer l_elbow 1 -5.41116 -2.82287 -2.34134;
0 dancer l_hand 1 -5.1067 -2.81587 -2.72998;
0 dancer r_shoulder 1 -4.58496 -2.27151 -1.92706;
0 dancer r_elbow 1 -4.00694 -2.7224 -2.05495;
0 dancer r_hand 1 -3.84753 -2.65785 -2.47703;
0 dancer torso 1 -4.91089 -2.73175 -2.08204;
0 dancer l_hip 1 -5.07989 -3.17373 -2.15133;
0 dancer l_knee 1 -5.07989 -4.019 -2.15133;
0 dancer l_foot 1 -5.07989 -4.83176 -2.15133;
0 dancer r_hip 1 -4.68767 -3.12813 -1.93715;
0 dancer r_knee 1 -4.68767 -3.9734 -1.93715;
0 dancer r_foot 1 -4.68767 -4.78615 -1.93715;
33.3787 dancer head 1 -5.00875 -1.88275 -2.15948;
0 dancer neck 1 -4.94381 -2.30887 -2.11763;
0 dancer l_shoulder 1 -5.28455 -2.35576 -2.31504;
0 dancer l_elbow 1 -5.40726 -2.83044 -2.36605;
0 dancer l_hand 1 -5.08099 -2.81191 -2.7504;
0 dancer r_shoulder 1 -4.60306 -2.26198 -1.92022;
0 dancer r_elbow 1 -4.01612 -2.73302 -2.00397;
0 dancer r_hand 1 -3.82615 -2.68096 -2.42287;
0 dancer torso 1 -4.90705 -2.72731 -2.07758;
0 dancer l_hip 1 -5.05957 -3.1718 -2.1472;
0 dancer l_knee 1 -5.05957 -4.01707 -2.1472;
0 dancer l_foot 1 -5.05957 -4.82983 -2.1472;
0 dancer r_hip 1 -4.681 -3.11971 -1.92788;
0 dancer r_knee 1 -4.681 -3.96497 -1.92788;
0 dancer r_foot 1 -4.681 -4.77773 -1.92788;
34.8299 dancer head 1 -5.01312 -1.88097 -2.15988;
0 dancer neck 1 -4.95432 -2.3045 -2.11625;
0 dancer l_shoulder 1 -5.2823 -2.35193 -2.3189;
0 dancer l_elbow 1 -5.39308 -2.84948 -2.39267;
0 dancer l_hand 1 -5.05378 -2.80598 -2.77298;
0 dancer r_shoulder 1 -4.62634 -2.25706 -1.9136;
0 dancer r_elbow 1 -4.04042 -2.74402 -1.92252;
0 dancer r_hand 1 -3.7694 -2.72281 -2.3287;
0 dancer torso 1 -4.922 -2.72278 -2.07425;
0 dancer l_hip 1 -5.07188 -3.16742 -2.14483;
0 dancer l_knee 1 -5.07188 -4.01269 -2.14483;
0 dancer l_foot 1 -5.07188 -4.82545 -2.14483;
0 dancer r_hip 1 -4.70749 -3.11472 -1.91968;
0 dancer r_knee 1 -4.70749 -3.95998 -1.91968;
0 dancer r_foot 1 -4.70749 -4.77274 -1.91968;
31.9274 dancer head 1 -5.01521 -1.88032 -2.16076;
0 dancer neck 1 -4.96623 -2.30251 -2.11748;
0 dancer l_shoulder 1 -5.28406 -2.34724 -2.32451;
0 dancer l_elbow 1 -5.38393 -2.85073 -2.41203;
0 dancer l_hand 1 -5.03181 -2.79973 -2.78753;
0 dancer r_shoulder 1 -4.6484 -2.25779 -1.91045;
0 dancer r_elbow 1 -4.06863 -2.73771 -1.85348;
0 dancer r_hand 1 -3.72947 -2.75226 -2.246;
0 dancer torso 1 -4.94264 -2.72108 -2.07567;
0 dancer l_hip 1 -5.09561 -3.16449 -2.14887;
0 dancer l_knee 1 -5.09561 -4.00976 -2.14887;
0 dancer l_foot 1 -5.09561 -4.82252 -2.14887;
0 dancer r_hip 1 -4.74249 -3.1148 -1.91885;
0 dancer r_knee 1 -4.74249 -3.96007 -1.91885;
0 dancer r_foot 1 -4.74249 -4.77283 -1.91885;
33.3787 dancer head 1 -5.02564 -1.87988 -2.1619;
0 dancer neck 1 -4.97753 -2.30314 -2.11775;
0 dancer l_shoulder 1 -5.28302 -2.34768 -2.32939;
0 dancer l_elbow 1 -5.3747 -2.85243 -2.42326;
0 dancer l_hand 1 -5.02094 -2.79631 -2.79617;
0 dancer r_shoulder 1 -4.67204 -2.2586 -1.90611;
0 dancer r_elbow 1 -4.12969 -2.71993 -1.78221;
0 dancer r_hand 1 -3.65003 -2.78331 -2.11993;
0 dancer torso 1 -4.9573 -2.72173 -2.07549;
0 dancer l_hip 1 -5.10677 -3.16507 -2.15081;
0 dancer l_knee 1 -5.10677 -4.01034 -2.15081;
0 dancer l_foot 1 -5.10677 -4.82309 -2.15081;
0 dancer r_hip 1 -4.76737 -3.11558 -1.91567;
0 dancer r_knee 1 -4.76737 -3.96085 -1.91567;
0 dancer r_foot 1 -4.76737 -4.77361 -1.91567;
33.3787 dancer head 1 -5.0324 -1.87914 -2.16132;
0 dancer neck 1 -4.9868 -2.30334 -2.11744;
0 dancer l_shoulder 1 -5.28061 -2.34681 -2.33331;
0 dancer l_elbow 1 -5.37004 -2.85433 -2.4312;
0 dancer l_hand 1 -5.01063 -2.79261 -2.80108;
0 dancer r_shoulder 1 -4.69299 -2.25986 -1.90157;
0 dancer r_elbow 1 -4.18363 -2.70166 -1.71219;
0 dancer r_hand 1 -3.57588 -2.81341 -1.97142;
0 dancer torso 1 -4.9697 -2.72212 -2.07582;
0 dancer l_hip 1 -5.11582 -3.16505 -2.15411;
0 dancer l_knee 1 -5.11582 -4.01032 -2.15411;
0 dancer l_foot 1 -5.11582 -4.82308 -2.15411;
0 dancer r_hip 1 -4.78939 -3.11675 -1.91427;
0 dancer r_knee 1 -4.78939 -3.96202 -1.91427;
0 dancer r_foot 1 -4.78939 -4.77478 -1.91427;
31.9274 dancer head 1 -5.03579 -1.87733 -2.16167;
0 dancer neck 1 -4.99535 -2.30119 -2.11682;
0 dancer l_shoulder 1 -5.27682 -2.34369 -2.33687;
0 dancer l_elbow 1 -5.36772 -2.85632 -2.43752;
0 dancer l_hand 1 -5.00236 -2.79013 -2.80347;
0 dancer r_shoulder 1 -4.71387 -2.2587 -1.89678;
0 dancer r_elbow 1 -4.2622 -2.65872 -1.65332;
0 dancer r_hand 1 -3.56268 -2.82093 -1.79391;
0 dancer torso 1 -4.98124 -2.72014 -2.07582;
0 dancer l_hip 1 -5.12349 -3.1627 -2.15706;
0 dancer l_knee 1 -5.12349 -4.00796 -2.15706;
0 dancer l_foot 1 -5.12349 -4.82072 -2.15706;
0 dancer r_hip 1 -4.81076 -3.11548 -1.91259;
0 dancer r_knee 1 -4.81076 -3.96075 -1.91259;
0 dancer r_foot 1 -4.81076 -4.77351 -1.91259;
33.3787 dancer head 1 -5.04697 -1.87735 -2.16162;
0 dancer neck 1 -5.00611 -2.30126 -2.11607;
0 dancer l_shoulder 1 -5.2775 -2.34507 -2.33916;
0 dancer l_elbow 1 -5.36817 -2.85736 -2.43985;
0 dancer l_hand 1 -5.00477 -2.78982 -2.80591;
0 dancer r_shoulder 1 -4.73473 -2.25746 -1.89297;
0 dancer r_elbow 1 -4.35387 -2.61382 -1.61083;
0 dancer r_hand 1 -3.61345 -2.80117 -1.64779;
0 dancer torso 1 -4.98811 -2.72018 -2.07528;
0 dancer l_hip 1 -5.12086 -3.16344 -2.15842;
0 dancer l_knee 1 -5.12086 -4.0087 -2.15842;
0 dancer l_foot 1 -5.12086 -4.82146 -2.15842;
0 dancer r_hip 1 -4.81935 -3.11477 -1.91056;
0 dancer r_knee 1 -4.81935 -3.96004 -1.91056;
0 dancer r_foot 1 -4.81935 -4.7728 -1.91056;
34.8299 dancer head 1 -5.05405 -1.87539 -2.16088;
0 dancer neck 1 -5.01542 -2.29861 -2.11464;
0 dancer l_shoulder 1 -5.27822 -2.34243 -2.34033;
0 dancer l_elbow 1 -5.36676 -2.85785 -2.44105;
0 dancer l_hand 1 -5.00297 -2.79002 -2.8059;
0 dancer r_shoulder 1 -4.75261 -2.25478 -1.88895;
0 dancer r_elbow 1 -4.38799 -2.59129 -1.55381;
0 dancer r_hand 1 -3.63823 -2.78705 -1.50646;
0 dancer torso 1 -4.99783 -2.71757 -2.07399;
0 dancer l_hip 1 -5.12624 -3.16087 -2.15872;
0 dancer l_knee 1 -5.12624 -4.00614 -2.15872;
0 dancer l_foot 1 -5.12624 -4.8189 -2.15872;
0 dancer r_hip 1 -4.83426 -3.11218 -1.90797;
0 dancer r_knee 1 -4.83426 -3.95745 -1.90797;
0 dancer r_foot 1 -4.83426 -4.77021 -1.90797;
33.3787 dancer head 1 -5.05758 -1.8756 -2.15931;
0 dancer neck 1 -5.02127 -2.29794 -2.11188;
0 dancer l_shoulder 1 -5.27583 -2.34202 -2.33992;
0 dancer l_elbow 1 -5.36917 -2.85706 -2.44244;
0 dancer l_hand 1 -5.00318 -2.79039 -2.80591;
0 dancer r_shoulder 1 -4.76671 -2.25387 -1.88383;
0 dancer r_elbow 1 -4.43476 -2.55815 -1.51437;
0 dancer r_hand 1 -3.72604 -2.75213 -1.37257;
0 dancer torso 1 -5.00404 -2.7169 -2.07113;
0 dancer l_hip 1 -5.12822 -3.16034 -2.15707;
0 dancer l_knee 1 -5.12822 -4.00561 -2.15707;
0 dancer l_foot 1 -5.12822 -4.81837 -2.15707;
0 dancer r_hip 1 -4.8454 -3.11137 -1.90371;
0 dancer r_knee 1 -4.8454 -3.95664 -1.90371;
0 dancer r_foot 1 -4.8454 -4.76939 -1.90371;
31.9274 dancer head 1 -5.07034 -1.87312 -2.15777;
0 dancer neck 1 -5.03134 -2.29572 -2.10952;
0 dancer l_shoulder 1 -5.27995 -2.34081 -2.33913;
0 dancer l_elbow 1 -5.36728 -2.8567 -2.44783;
0 dancer l_hand 1 -4.99928 -2.78541 -2.8112;
0 dancer r_shoulder 1 -4.78272 -2.25062 -1.87992;
0 dancer r_elbow 1 -4.47701 -2.51655 -1.48449;
0 dancer r_hand 1 -3.84019 -2.7003 -1.25789;
0 dancer torso 1 -5.012 -2.71458 -2.06848;
0 dancer l_hip 1 -5.13077 -3.15849 -2.15499;
0 dancer l_knee 1 -5.13077 -4.00376 -2.15499;
0 dancer l_foot 1 -5.13077 -4.81652 -2.15499;
0 dancer r_hip 1 -4.85455 -3.10839 -1.8999;
0 dancer r_knee 1 -4.85455 -3.95366 -1.8999;
0 dancer r_foot 1 -4.85455 -4.76642 -1.8999;
34.8299 dancer head 1 -5.07672 -1.87175 -2.15638;
0 dancer neck 1 -5.03711 -2.29544 -2.10646;
0 dancer l_shoulder 1 -5.28065 -2.34127 -2.33736;
0 dancer l_elbow 1 -5.36321 -2.8586 -2.45131;
0 dancer l_hand 1 -4.99507 -2.78165 -2.81532;
0 dancer r_shoulder 1 -4.79356 -2.2496 -1.87556;
0 dancer r_elbow 1 -4.54123 -2.47023 -1.48268;
0 dancer r_hand 1 -4.00764 -2.62437 -1.18319;
0 dancer torso 1 -5.01547 -2.71425 -2.0654;
0 dancer l_hip 1 -5.12913 -3.15852 -2.15261;
0 dancer l_knee 1 -5.12913 -4.00379 -2.15261;
0 dancer l_foot 1 -5.12913 -4.81655 -2.15261;
0 dancer r_hip 1 -4.85855 -3.10759 -1.89607;
0 dancer r_knee 1 -4.85855 -3.95286 -1.89607;
0 dancer r_foot 1 -4.85855 -4.76562 -1.89607;
33.3787 dancer head 1 -5.07984 -1.87004 -2.15505;
0 dancer neck 1 -5.04231 -2.29245 -2.10194;
0 dancer l_shoulder 1 -5.27792 -2.34096 -2.33457;
0 dancer l_elbow 1 -5.36746 -2.85852 -2.44993;
0 dancer l_hand 1 -4.99596 -2.7847 -2.81271;
0 dancer r_shoulder 1 -4.8067 -2.24394 -1.86932;
0 dancer r_elbow 1 -4.59489 -2.43299 -1.47617;
0 dancer r_hand 1 -4.13337 -2.54291 -1.13062;
0 dancer torso 1 -5.01959 -2.71082 -2.05862;
0 dancer l_hip 1 -5.12776 -3.15613 -2.14452;
0 dancer l_knee 1 -5.12776 -4.0014 -2.14452;
0 dancer l_foot 1 -5.12776 -4.81416 -2.14452;
0 dancer r_hip 1 -4.86599 -3.10224 -1.88607;
0 dancer r_knee 1 -4.86599 -3.94751 -1.88607;
0 dancer r_foot 1 -4.86599 -4.76026 -1.88607;
30.4762 dancer head 1 -5.0924 -1.86855 -2.1538;
0 dancer neck 1 -5.04918 -2.29134 -2.09878;
0 dancer l_shoulder 1 -5.27733 -2.34262 -2.33293;
0 dancer l_elbow 1 -5.3634 -2.85954 -2.45077;
0 dancer l_hand 1 -4.99854 -2.78252 -2.81576;
0 dancer r_shoulder 1 -4.82103 -2.24007 -1.86464;
0 dancer r_elbow 1 -4.6409 -2.3927 -1.46316;
0 dancer r_hand 1 -4.22657 -2.46466 -1.09079;
0 dancer torso 1 -5.02141 -2.7093 -2.05406;
0 dancer l_hip 1 -5.12038 -3.15575 -2.1394;
0 dancer l_knee 1 -5.12038 -4.00102 -2.1394;
0 dancer l_foot 1 -5.12038 -4.81378 -2.1394;
0 dancer r_hip 1 -4.86691 -3.09878 -1.87926;
0 dancer r_knee 1 -4.86691 -3.94405 -1.87926;
0 dancer r_foot 1 -4.86691 -4.7568 -1.87926;
36.2812 dancer head 1 -5.09861 -1.87041 -2.15191;
0 dancer neck 1 -5.05498 -2.29239 -2.09635;
0 dancer l_shoulder 1 -5.27678 -2.34445 -2.33193;
0 dancer l_elbow 1 -5.36906 -2.85897 -2.44809;
0 dancer l_hand 1 -5.00138 -2.78602 -2.81281;
0 dancer r_shoulder 1 -4.83318 -2.24034 -1.86076;
0 dancer r_elbow 1 -4.67914 -2.35216 -1.45096;
0 dancer r_hand 1 -4.28736 -2.38151 -1.06508;
0 dancer torso 1 -5.02571 -2.71026 -2.0513;
0 dancer l_hip 1 -5.11965 -3.15704 -2.13712;
0 dancer l_knee 1 -5.11965 -4.00231 -2.13712;
0 dancer l_foot 1 -5.11965 -4.81506 -2.13712;
0 dancer r_hip 1 -4.87323 -3.0992 -1.87538;
0 dancer r_knee 1 -4.87323 -3.94447 -1.87538;
0 dancer r_foot 1 -4.87323 -4.75723 -1.87538;
34.8299 dancer head 1 -5.10324 -1.87069 -2.14913;
0 dancer neck 1 -5.06062 -2.29234 -2.09316;
0 dancer l_shoulder 1 -5.27421 -2.34492 -2.33056;
0 dancer l_elbow 1 -5.37345 -2.85971 -2.4522;
0 dancer l_hand 1 -5.00484 -2.78418 -2.81594;
0 dancer r_shoulder 1 -4.84703 -2.23975 -1.85577;
0 dancer r_elbow 1 -4.70158 -2.31356 -1.44409;
0 dancer r_hand 1 -4.31791 -2.28836 -1.05439;
0 dancer torso 1 -5.03048 -2.71013 -2.04788;
0 dancer l_hip 1 -5.119 -3.15715 -2.13448;
0 dancer l_knee 1 -5.119 -4.00241 -2.13448;
0 dancer l_foot 1 -5.119 -4.81517 -2.13448;
0 dancer r_hip 1 -4.88169 -3.09872 -1.87072;
0 dancer r_knee 1 -4.88169 -3.94399 -1.87072;
0 dancer r_foot 1 -4.88169 -4.75675 -1.87072;
29.0249 dancer head 1 -5.11344 -1.8695 -2.14807;
0 dancer neck 1 -5.06729 -2.29044 -2.09006;
0 dancer l_shoulder 1 -5.27492 -2.34514 -2.32852;
0 dancer l_elbow 1 -5.37264 -2.8591 -2.45114;
0 dancer l_hand 1 -4.99434 -2.7886 -2.81267;
0 dancer r_shoulder 1 -4.85967 -2.23574 -1.8516;
0 dancer r_elbow 1 -4.71132 -2.27675 -1.43739;
0 dancer r_hand 1 -4.32367 -2.19079 -1.0533;
0 dancer torso 1 -5.0327 -2.70787 -2.04373;
0 dancer l_hip 1 -5.11344 -3.15569 -2.12986;
0 dancer l_knee 1 -5.11344 -4.00096 -2.12986;
0 dancer l_foot 1 -5.11344 -4.81372 -2.12986;
0 dancer r_hip 1 -4.88277 -3.09491 -1.86492;
0 dancer r_knee 1 -4.88277 -3.94018 -1.86492;
0 dancer r_foot 1 -4.88277 -4.75294 -1.86492;
34.8299 dancer head 1 -5.12185 -1.86641 -2.14652;
0 dancer neck 1 -5.07542 -2.28785 -2.08721;
0 dancer l_shoulder 1 -5.28072 -2.34259 -2.32619;
0 dancer l_elbow 1 -5.37697 -2.85769 -2.44822;
0 dancer l_hand 1 -4.99614 -2.78892 -2.80984;
0 dancer r_shoulder 1 -4.87012 -2.2331 -1.84822;
0 dancer r_elbow 1 -4.68605 -2.23004 -1.41073;
0 dancer r_hand 1 -4.28746 -2.07561 -1.03946;
0 dancer torso 1 -5.03832 -2.70529 -2.04138;
0 dancer l_hip 1 -5.11527 -3.15314 -2.12832;
0 dancer l_knee 1 -5.11527 -3.99841 -2.12832;
0 dancer l_foot 1 -5.11527 -4.81117 -2.12832;
0 dancer r_hip 1 -4.88718 -3.09232 -1.8628;
0 dancer r_knee 1 -4.88718 -3.93759 -1.8628;
0 dancer r_foot 1 -4.88718 -4.75034 -1.8628;
33.3787 dancer head 1 -5.13383 -1.8653 -2.14602;
0 dancer neck 1 -5.08231 -2.28626 -2.08522;
0 dancer l_shoulder 1 -5.2852 -2.34275 -2.3245;
0 dancer l_elbow 1 -5.38064 -2.85618 -2.44694;
0 dancer l_hand 1 -5.00257 -2.79035 -2.80877;
0 dancer r_shoulder 1 -4.87942 -2.22977 -1.84593;
0 dancer r_elbow 1 -4.65764 -2.18257 -1.40079;
0 dancer r_hand 1 -4.24959 -1.96311 -1.04961;
0 dancer torso 1 -5.04304 -2.70337 -2.03815;
0 dancer l_hip 1 -5.11649 -3.15186 -2.12401;
0 dancer l_knee 1 -5.11649 -3.99712 -2.12401;
0 dancer l_foot 1 -5.11649 -4.80988 -2.12401;
0 dancer r_hip 1 -4.89107 -3.0891 -1.85816;
0 dancer r_knee 1 -4.89107 -3.93436 -1.85816;
0 dancer r_foot 1 -4.89107 -4.74712 -1.85816;
31.9274 dancer head 1 -5.14151 -1.86637 -2.1462;
0 dancer neck 1 -5.08805 -2.28565 -2.08366;
0 dancer l_shoulder 1 -5.29028 -2.34382 -2.32287;
0 dancer l_elbow 1 -5.38118 -2.85777 -2.44956;
0 dancer l_hand 1 -5.00178 -2.79047 -2.81089;
0 dancer r_shoulder 1 -4.88583 -2.22747 -1.84445;
0 dancer r_elbow 1 -4.62002 -2.13991 -1.40231;
0 dancer r_hand 1 -4.202 -1.85593 -1.07954;
0 dancer torso 1 -5.04717 -2.70242 -2.03528;
0 dancer l_hip 1 -5.11862 -3.15151 -2.11979;
0 dancer l_knee 1 -5.11862 -3.99678 -2.11979;
0 dancer l_foot 1 -5.11862 -4.80953 -2.11979;
0 dancer r_hip 1 -4.89394 -3.08688 -1.85403;
0 dancer r_knee 1 -4.89394 -3.93215 -1.85403;
0 dancer r_foot 1 -4.89394 -4.7449 -1.85403;
36.2812 dancer head 1 -5.15612 -1.86624 -2.14531;
0 dancer neck 1 -5.09489 -2.28475 -2.08243;
0 dancer l_shoulder 1 -5.30044 -2.34486 -2.32065;
0 dancer l_elbow 1 -5.37849 -2.85715 -2.45057;
0 dancer l_hand 1 -5.00293 -2.78697 -2.81132;
0 dancer r_shoulder 1 -4.88935 -2.22464 -1.8442;
0 dancer r_elbow 1 -4.57877 -2.11363 -1.41378;
0 dancer r_hand 1 -4.15801 -1.75426 -1.14257;
0 dancer torso 1 -5.05025 -2.70112 -2.03296;
0 dancer l_hip 1 -5.11978 -3.15088 -2.11583;
0 dancer l_knee 1 -5.11978 -3.99614 -2.11583;
0 dancer l_foot 1 -5.11978 -4.8089 -2.11583;
0 dancer r_hip 1 -4.89142 -3.08409 -1.85116;
0 dancer r_knee 1 -4.89142 -3.92936 -1.85116;
0 dancer r_foot 1 -4.89142 -4.74212 -1.85116;
31.9274 dancer head 1 -5.16176 -1.86738 -2.14565;
0 dancer neck 1 -5.09749 -2.28464 -2.08151;
0 dancer l_shoulder 1 -5.30709 -2.34593 -2.31867;
0 dancer l_elbow 1 -5.37556 -2.85992 -2.45339;
0 dancer l_hand 1 -5.00249 -2.7815 -2.81607;
0 dancer r_shoulder 1 -4.88788 -2.22336 -1.84434;
0 dancer r_elbow 1 -4.54706 -2.09114 -1.43904;
0 dancer r_hand 1 -4.11735 -1.67545 -1.22716;
0 dancer torso 1 -5.05088 -2.70076 -2.03132;
0 dancer l_hip 1 -5.12071 -3.15093 -2.11287;
0 dancer l_knee 1 -5.12071 -3.9962 -2.11287;
0 dancer l_foot 1 -5.12071 -4.80896 -2.11287;
0 dancer r_hip 1 -4.88784 -3.08284 -1.84938;
0 dancer r_knee 1 -4.88784 -3.92811 -1.84938;
0 dancer r_foot 1 -4.88784 -4.74087 -1.84938;
33.3787 dancer head 1 -5.16617 -1.86971 -2.14596;
0 dancer neck 1 -5.0965 -2.2865 -2.07948;
0 dancer l_shoulder 1 -5.31035 -2.34934 -2.31547;
0 dancer l_elbow 1 -5.37876 -2.86024 -2.45089;
0 dancer l_hand 1 -5.00144 -2.78485 -2.81319;
0 dancer r_shoulder 1 -4.88266 -2.22366 -1.8435;
0 dancer r_elbow 1 -4.49697 -2.07471 -1.46491;
0 dancer r_hand 1 -4.06834 -1.61519 -1.32633;
0 dancer torso 1 -5.04546 -2.70227 -2.02877;
0 dancer l_hip 1 -5.11322 -3.15295 -2.10915;
0 dancer l_knee 1 -5.11322 -3.99822 -2.10915;
0 dancer l_foot 1 -5.11322 -4.81098 -2.10915;
0 dancer r_hip 1 -4.87563 -3.08314 -1.84696;
0 dancer r_knee 1 -4.87563 -3.92841 -1.84696;
0 dancer r_foot 1 -4.87563 -4.74116 -1.84696;
33.3787 dancer head 1 -5.16824 -1.87246 -2.14609;
0 dancer neck 1 -5.0956 -2.28905 -2.07847;
0 dancer l_shoulder 1 -5.31442 -2.35279 -2.31317;
0 dancer l_elbow 1 -5.38339 -2.86039 -2.45042;
0 dancer l_hand 1 -5.00026 -2.78363 -2.81186;
0 dancer r_shoulder 1 -4.87677 -2.22531 -1.84377;
0 dancer r_elbow 1 -4.4514 -2.06962 -1.49506;
0 dancer r_hand 1 -4.03682 -1.58505 -1.43891;
0 dancer torso 1 -5.04381 -2.70463 -2.02705;
0 dancer l_hip 1 -5.11359 -3.15562 -2.10601;
0 dancer l_knee 1 -5.11359 -4.00089 -2.10601;
0 dancer l_foot 1 -5.11359 -4.81365 -2.10601;
0 dancer r_hip 1 -4.87047 -3.08481 -1.84526;
0 dancer r_knee 1 -4.87047 -3.93008 -1.84526;
0 dancer r_foot 1 -4.87047 -4.74284 -1.84526;
34.8299 dancer head 1 -5.16929 -1.87246 -2.14637;
0 dancer neck 1 -5.09383 -2.29028 -2.07894;
0 dancer l_shoulder 1 -5.32052 -2.35474 -2.31163;
0 dancer l_elbow 1 -5.38249 -2.8625 -2.4494;
0 dancer l_hand 1 -5.00117 -2.7832 -2.81171;
0 dancer r_shoulder 1 -4.86715 -2.22583 -1.84626;
0 dancer r_elbow 1 -4.38651 -2.05773 -1.53118;
0 dancer r_hand 1 -3.99662 -1.56945 -1.56046;
0 dancer torso 1 -5.04083 -2.70571 -2.02712;
0 dancer l_hip 1 -5.11375 -3.15695 -2.10456;
0 dancer l_knee 1 -5.11375 -4.00222 -2.10456;
0 dancer l_foot 1 -5.11375 -4.81497 -2.10456;
0 dancer r_hip 1 -4.86189 -3.08534 -1.84604;
0 dancer r_knee 1 -4.86189 -3.93061 -1.84604;
0 dancer r_foot 1 -4.86189 -4.74336 -1.84604;
30.4762 dancer head 1 -5.16821 -1.87833 -2.14737;
0 dancer neck 1 -5.08984 -2.294 -2.07966;
0 dancer l_shoulder 1 -5.32816 -2.35988 -2.30912;
0 dancer l_elbow 1 -5.38351 -2.86356 -2.44969;
0 dancer l_hand 1 -5.00261 -2.78289 -2.81192;
0 dancer r_shoulder 1 -4.85151 -2.22813 -1.85019;
0 dancer r_elbow 1 -4.31658 -2.04866 -1.57032;
0 dancer r_hand 1 -3.96539 -1.57922 -1.68212;
0 dancer torso 1 -5.03536 -2.70911 -2.02677;
0 dancer l_hip 1 -5.11327 -3.16081 -2.10135;
0 dancer l_knee 1 -5.11327 -4.00608 -2.10135;
0 dancer l_foot 1 -5.11327 -4.81884 -2.10135;
0 dancer r_hip 1 -4.84848 -3.08762 -1.84641;
0 dancer r_knee 1 -4.84848 -3.93289 -1.84641;
0 dancer r_foot 1 -4.84848 -4.74565 -1.84641;
36.2812 dancer head 1 -5.16929 -1.88148 -2.14719;
0 dancer neck 1 -5.08676 -2.29779 -2.08162;
0 dancer l_shoulder 1 -5.33845 -2.36309 -2.30752;
0 dancer l_elbow 1 -5.3856 -2.86407 -2.44903;
0 dancer l_hand 1 -5.00159 -2.78604 -2.80984;
0 dancer r_shoulder 1 -4.83508 -2.23249 -1.85572;
0 dancer r_elbow 1 -4.23478 -2.03892 -1.62034;
0 dancer r_hand 1 -3.91513 -1.60637 -1.7971;
0 dancer torso 1 -5.03256 -2.71302 -2.0292;
0 dancer l_hip 1 -5.11817 -3.16453 -2.10227;
0 dancer l_knee 1 -5.11817 -4.00979 -2.10227;
0 dancer l_foot 1 -5.11817 -4.82255 -2.10227;
0 dancer r_hip 1 -4.83854 -3.09197 -1.85128;
0 dancer r_knee 1 -4.83854 -3.93724 -1.85128;
0 dancer r_foot 1 -4.83854 -4.75 -1.85128;
31.9274 dancer head 1 -5.16984 -1.88145 -2.14839;
0 dancer neck 1 -5.08691 -2.30008 -2.08543;
0 dancer l_shoulder 1 -5.34974 -2.36519 -2.30817;
0 dancer l_elbow 1 -5.38508 -2.86433 -2.44948;
0 dancer l_hand 1 -5.00561 -2.78509 -2.81092;
0 dancer r_shoulder 1 -4.82408 -2.23497 -1.86268;
0 dancer r_elbow 1 -4.15791 -2.04863 -1.6727;
0 dancer r_hand 1 -3.89224 -1.66104 -1.90762;
0 dancer torso 1 -5.03336 -2.71533 -2.03295;
0 dancer l_hip 1 -5.12582 -3.16676 -2.1042;
0 dancer l_knee 1 -5.12582 -4.01203 -2.1042;
0 dancer l_foot 1 -5.12582 -4.82479 -2.1042;
0 dancer r_hip 1 -4.83381 -3.09442 -1.85673;
0 dancer r_knee 1 -4.83381 -3.93969 -1.85673;
0 dancer r_foot 1 -4.83381 -4.75245 -1.85673;
31.9274 dancer head 1 -5.16861 -1.88881 -2.15298;
0 dancer neck 1 -5.08825 -2.30705 -2.0923;
0 dancer l_shoulder 1 -5.36376 -2.37295 -2.31102;
0 dancer l_elbow 1 -5.38323 -2.86551 -2.4505;
0 dancer l_hand 1 -5.00454 -2.784 -2.81131;
0 dancer r_shoulder 1 -4.81274 -2.24116 -1.87359;
0 dancer r_elbow 1 -4.08355 -2.06182 -1.73405;
0 dancer r_hand 1 -3.85836 -1.71649 -2.01463;
0 dancer torso 1 -5.03348 -2.7221 -2.03921;
0 dancer l_hip 1 -5.13176 -3.17375 -2.10761;
0 dancer l_knee 1 -5.13176 -4.01902 -2.10761;
0 dancer l_foot 1 -5.13176 -4.83178 -2.10761;
0 dancer r_hip 1 -4.82567 -3.10054 -1.86461;
0 dancer r_knee 1 -4.82567 -3.94581 -1.86461;
0 dancer r_foot 1 -4.82567 -4.75856 -1.86461;
36.2812 dancer head 1 -5.21489 -1.89126 -2.15186;
0 dancer neck 1 -5.10298 -2.30976 -2.10031;
0 dancer l_shoulder 1 -5.39307 -2.37954 -2.31346;
0 dancer l_elbow 1 -5.38404 -2.86807 -2.45195;
0 dancer l_hand 1 -5.0052 -2.78353 -2.81193;
0 dancer r_shoulder 1 -4.81289 -2.23998 -1.88716;
0 dancer r_elbow 1 -4.02457 -2.08944 -1.79532;
0 dancer r_hand 1 -3.84624 -1.78915 -2.11396;
0 dancer torso 1 -5.03006 -2.72376 -2.04888;
0 dancer l_hip 1 -5.1183 -3.17652 -2.11586;
0 dancer l_knee 1 -5.1183 -4.02179 -2.11586;
0 dancer l_foot 1 -5.1183 -4.83455 -2.11586;
0 dancer r_hip 1 -4.796 -3.09899 -1.87904;
0 dancer r_knee 1 -4.796 -3.94426 -1.87904;
0 dancer r_foot 1 -4.796 -4.75702 -1.87904;
31.9274 dancer head 1 -5.19261 -1.88062 -2.15062;
0 dancer neck 1 -5.09798 -2.30088 -2.10253;
0 dancer l_shoulder 1 -5.39582 -2.36616 -2.3139;
0 dancer l_elbow 1 -5.38266 -2.87047 -2.45245;
0 dancer l_hand 1 -5.00215 -2.78265 -2.81162;
0 dancer r_shoulder 1 -4.80014 -2.2356 -1.89116;
0 dancer r_elbow 1 -3.98867 -2.13639 -1.84295;
0 dancer r_hand 1 -3.83136 -1.88176 -2.18899;
0 dancer torso 1 -5.03574 -2.71595 -2.05235;
0 dancer l_hip 1 -5.13894 -3.16728 -2.11958;
0 dancer l_knee 1 -5.13894 -4.01255 -2.11958;
0 dancer l_foot 1 -5.13894 -4.82531 -2.11958;
0 dancer r_hip 1 -4.80804 -3.09475 -1.88474;
0 dancer r_knee 1 -4.80804 -3.94002 -1.88474;
0 dancer r_foot 1 -4.80804 -4.75278 -1.88474;
34.8299 dancer head 1 -5.17996 -1.88177 -2.15136;
0 dancer neck 1 -5.0907 -2.30245 -2.10409;
0 dancer l_shoulder 1 -5.4011 -2.3648 -2.31137;
0 dancer l_elbow 1 -5.38515 -2.86961 -2.45271;
0 dancer l_hand 1 -4.99984 -2.7819 -2.81149;
0 dancer r_shoulder 1 -4.7803 -2.24009 -1.8968;
0 dancer r_elbow 1 -3.95363 -2.19423 -1.89959;
0 dancer r_hand 1 -3.79928 -1.99309 -2.26678;
0 dancer torso 1 -5.03402 -2.71815 -2.05497;
0 dancer l_hip 1 -5.14976 -3.1685 -2.121;
0 dancer l_knee 1 -5.14976 -4.01377 -2.121;
0 dancer l_foot 1 -5.14976 -4.82652 -2.121;
0 dancer r_hip 1 -4.8049 -3.09922 -1.8907;
0 dancer r_knee 1 -4.8049 -3.94449 -1.8907;
0 dancer r_foot 1 -4.8049 -4.75725 -1.8907;
33.3787 dancer head 1 -5.1628 -1.88778 -2.15318;
0 dancer neck 1 -5.0852 -2.30826 -2.10643;
0 dancer l_shoulder 1 -5.41666 -2.36543 -2.30595;
0 dancer l_elbow 1 -5.38487 -2.86818 -2.4512;
0 dancer l_hand 1 -5.00243 -2.7823 -2.81182;
0 dancer r_shoulder 1 -4.75375 -2.2511 -1.90691;
0 dancer r_elbow 1 -3.92059 -2.25121 -1.95518;
0 dancer r_hand 1 -3.79484 -2.10406 -2.34319;
0 dancer torso 1 -5.03755 -2.72484 -2.05908;
0 dancer l_hip 1 -5.17402 -3.17316 -2.12257;
0 dancer l_knee 1 -5.17402 -4.01843 -2.12257;
0 dancer l_foot 1 -5.17402 -4.83119 -2.12257;
0 dancer r_hip 1 -4.80576 -3.10965 -1.90091;
0 dancer r_knee 1 -4.80576 -3.95492 -1.90091;
0 dancer r_foot 1 -4.80576 -4.76768 -1.90091;
31.9274 dancer head 1 -5.15574 -1.89375 -2.1535;
0 dancer neck 1 -5.08012 -2.31286 -2.10664;
0 dancer l_shoulder 1 -5.43472 -2.36692 -2.29615;
0 dancer l_elbow 1 -5.38626 -2.86744 -2.45132;
0 dancer l_hand 1 -5.0015 -2.7823 -2.81158;
0 dancer r_shoulder 1 -4.72553 -2.25879 -1.91713;
0 dancer r_elbow 1 -3.89784 -2.31621 -2.00489;
0 dancer r_hand 1 -3.80132 -2.21337 -2.40665;
0 dancer torso 1 -5.03592 -2.72986 -2.0604;
0 dancer l_hip 1 -5.18869 -3.1769 -2.11944;
0 dancer l_knee 1 -5.18869 -4.02216 -2.11944;
0 dancer l_foot 1 -5.18869 -4.83492 -2.11944;
0 dancer r_hip 1 -4.79473 -3.11683 -1.90889;
0 dancer r_knee 1 -4.79473 -3.9621 -1.90889;
0 dancer r_foot 1 -4.79473 -4.77486 -1.90889;
34.8299 dancer head 1 -5.15211 -1.89791 -2.15546;
0 dancer neck 1 -5.07209 -2.31768 -2.11124;
0 dancer l_shoulder 1 -5.44271 -2.37022 -2.29333;
0 dancer l_elbow 1 -5.38692 -2.8681 -2.45219;
0 dancer l_hand 1 -5.00456 -2.78576 -2.81338;
0 dancer r_shoulder 1 -4.70146 -2.26513 -1.92914;
0 dancer r_elbow 1 -3.88797 -2.37373 -2.04854;
0 dancer r_hand 1 -3.80948 -2.31643 -2.46014;
0 dancer torso 1 -5.02911 -2.73484 -2.06539;
0 dancer l_hip 1 -5.19203 -3.1812 -2.1207;
0 dancer l_knee 1 -5.19203 -4.02647 -2.1207;
0 dancer l_foot 1 -5.19203 -4.83923 -2.1207;
0 dancer r_hip 1 -4.78026 -3.12282 -1.91839;
0 dancer r_knee 1 -4.78026 -3.96809 -1.91839;
0 dancer r_foot 1 -4.78026 -4.78085 -1.91839;
31.9274 dancer head 1 -5.14871 -1.90147 -2.15796;
0 dancer neck 1 -5.06527 -2.3208 -2.11661;
0 dancer l_shoulder 1 -5.44759 -2.37174 -2.29305;
0 dancer l_elbow 1 -5.37645 -2.87963 -2.45171;
0 dancer l_hand 1 -5.01252 -2.79919 -2.81839;
0 dancer r_shoulder 1 -4.68294 -2.26986 -1.94016;
0 dancer r_elbow 1 -3.88456 -2.43271 -2.08757;
0 dancer r_hand 1 -3.81309 -2.4094 -2.50564;
0 dancer torso 1 -5.02406 -2.73814 -2.07116;
0 dancer l_hip 1 -5.19523 -3.18377 -2.12373;
0 dancer l_knee 1 -5.19523 -4.02904 -2.12373;
0 dancer l_foot 1 -5.19523 -4.8418 -2.12373;
0 dancer r_hip 1 -4.77046 -3.12718 -1.92769;
0 dancer r_knee 1 -4.77046 -3.97245 -1.92769;
0 dancer r_foot 1 -4.77046 -4.7852 -1.92769;
33.3787 dancer head 1 -5.13606 -1.90458 -2.16144;
0 dancer neck 1 -5.05335 -2.32552 -2.12045;
0 dancer l_shoulder 1 -5.44346 -2.37452 -2.29313;
0 dancer l_elbow 1 -5.39148 -2.90425 -2.42843;
0 dancer l_hand 1 -5.04591 -2.83253 -2.80073;
0 dancer r_shoulder 1 -4.66325 -2.27652 -1.94776;
0 dancer r_elbow 1 -3.88436 -2.48616 -2.11959;
0 dancer r_hand 1 -3.80824 -2.48504 -2.54082;
0 dancer torso 1 -5.01504 -2.74307 -2.07544;
0 dancer l_hip 1 -5.19342 -3.18783 -2.12637;
0 dancer l_knee 1 -5.19342 -4.0331 -2.12637;
0 dancer l_foot 1 -5.19342 -4.84586 -2.12637;
0 dancer r_hip 1 -4.76001 -3.1334 -1.93451;
0 dancer r_knee 1 -4.76001 -3.97866 -1.93451;
0 dancer r_foot 1 -4.76001 -4.79142 -1.93451;
34.8299 dancer head 1 -5.12973 -1.90812 -2.16553;
0 dancer neck 1 -5.04202 -2.32907 -2.12455;
0 dancer l_shoulder 1 -5.43871 -2.37794 -2.29359;
0 dancer l_elbow 1 -5.34151 -2.89528 -2.43108;
0 dancer r_shoulder 1 -4.64532 -2.2802 -1.95551;
0 dancer r_elbow 1 -3.89051 -2.53163 -2.14346;
0 dancer r_hand 1 -3.7949 -2.54297 -2.56676;
0 dancer torso 1 -5.00374 -2.74654 -2.07912;
0 dancer l_hip 1 -5.18582 -3.19116 -2.1276;
0 dancer l_knee 1 -5.18582 -4.03643 -2.1276;
0 dancer l_foot 1 -5.18582 -4.84919 -2.1276;
0 dancer r_hip 1 -4.74509 -3.13687 -1.93979;
0 dancer r_knee 1 -4.74509 -3.98214 -1.93979;
0 dancer r_foot 1 -4.74509 -4.79489 -1.93979;
31.9274 dancer head 1 -5.10454 -1.9103 -2.16985;
0 dancer neck 1 -5.0244 -2.33192 -2.12695;
0 dancer l_shoulder 1 -5.42487 -2.3778 -2.29433;
0 dancer l_elbow 1 -5.31635 -2.89785 -2.42372;
0 dancer r_shoulder 1 -4.62392 -2.28605 -1.95956;
0 dancer r_elbow 1 -3.92239 -2.56098 -2.13452;
0 dancer r_hand 1 -3.78773 -2.59253 -2.55565;
0 dancer torso 1 -4.99373 -2.74953 -2.08091;
0 dancer l_hip 1 -5.18552 -3.19262 -2.12786;
0 dancer l_knee 1 -5.18552 -4.03789 -2.12786;
0 dancer l_foot 1 -5.18552 -4.85065 -2.12786;
0 dancer r_hip 1 -4.74059 -3.14165 -1.94189;
0 dancer r_knee 1 -4.74059 -3.98692 -1.94189;
0 dancer r_foot 1 -4.74059 -4.79968 -1.94189;
31.9274 dancer head 1 -5.09196 -1.91311 -2.17336;
0 dancer neck 1 -5.01511 -2.33554 -2.12949;
0 dancer l_shoulder 1 -5.41905 -2.38015 -2.29504;
0 dancer l_elbow 1 -5.30328 -2.91085 -2.39524;
0 dancer l_hand 1 -4.96602 -2.94841 -2.77285;
0 dancer r_shoulder 1 -4.61117 -2.29092 -1.96394;
0 dancer r_elbow 1 -3.94058 -2.58645 -2.13806;
0 dancer r_hand 1 -3.78644 -2.62467 -2.55833;
0 dancer torso 1 -4.98797 -2.75312 -2.08274;
0 dancer l_hip 1 -5.18523 -3.19549 -2.12796;
0 dancer l_knee 1 -5.18523 -4.04076 -2.12796;
0 dancer l_foot 1 -5.18523 -4.85352 -2.12796;
0 dancer r_hip 1 -4.73644 -3.14592 -1.94403;
0 dancer r_knee 1 -4.73644 -3.99119 -1.94403;
0 dancer r_foot 1 -4.73644 -4.80395 -1.94403;
36.2812 dancer head 1 -5.07635 -1.91267 -2.17705;
0 dancer neck 1 -5.00608 -2.33498 -2.13258;
0 dancer l_shoulder 1 -5.41548 -2.37593 -2.29527;
0 dancer l_elbow 1 -5.30508 -2.91408 -2.37187;
0 dancer l_hand 1 -4.91886 -3.02673 -2.72878;
0 dancer r_shoulder 1 -4.59668 -2.29404 -1.96989;
0 dancer r_elbow 1 -3.95377 -2.60671 -2.13905;
0 dancer r_hand 1 -3.78914 -2.64339 -2.55908;
0 dancer torso 1 -4.98619 -2.75276 -2.08595;
0 dancer l_hip 1 -5.19373 -3.19328 -2.12968;
0 dancer l_knee 1 -5.19373 -4.03854 -2.12968;
0 dancer l_foot 1 -5.19373 -4.8513 -2.12968;
0 dancer r_hip 1 -4.73887 -3.14778 -1.94893;
0 dancer r_knee 1 -4.73887 -3.99305 -1.94893;
0 dancer r_foot 1 -4.73887 -4.80581 -1.94893;
31.9274 dancer head 1 -5.06856 -1.91277 -2.18193;
0 dancer neck 1 -5.00175 -2.33469 -2.13682;
0 dancer l_shoulder 1 -5.41543 -2.37441 -2.29698;
0 dancer l_elbow 1 -5.31635 -2.9176 -2.35527;
0 dancer l_hand 1 -4.902 -3.09832 -2.68771;
0 dancer r_shoulder 1 -4.58808 -2.29497 -1.97665;
0 dancer r_elbow 1 -3.96136 -2.62344 -2.14275;
0 dancer r_hand 1 -3.79324 -2.65322 -2.56307;
0 dancer torso 1 -4.98479 -2.7524 -2.0895;
0 dancer l_hip 1 -5.19763 -3.19217 -2.13116;
0 dancer l_knee 1 -5.19763 -4.03744 -2.13116;
0 dancer l_foot 1 -5.19763 -4.8502 -2.13116;
0 dancer r_hip 1 -4.73802 -3.14804 -1.95321;
0 dancer r_knee 1 -4.73802 -3.99331 -1.95321;
0 dancer r_foot 1 -4.73802 -4.80607 -1.95321;
31.9274 dancer head 1 -5.06451 -1.91449 -2.18705;
0 dancer neck 1 -4.99956 -2.33629 -2.14177;
0 dancer l_shoulder 1 -5.41428 -2.37627 -2.30127;
0 dancer l_elbow 1 -5.32855 -2.92279 -2.34563;
0 dancer l_hand 1 -4.90245 -3.16368 -2.65187;
0 dancer r_shoulder 1 -4.58484 -2.2963 -1.98226;
0 dancer r_elbow 1 -3.96567 -2.63353 -2.14515;
0 dancer r_hand 1 -3.7936 -2.65528 -2.5655;
0 dancer torso 1 -4.98396 -2.75374 -2.09304;
0 dancer l_hip 1 -5.19873 -3.19341 -2.13293;
0 dancer l_knee 1 -5.19873 -4.03868 -2.13293;
0 dancer l_foot 1 -5.19873 -4.85143 -2.13293;
0 dancer r_hip 1 -4.73797 -3.14898 -1.95572;
0 dancer r_knee 1 -4.73797 -3.99425 -1.95572;
0 dancer r_foot 1 -4.73797 -4.80701 -1.95572;
36.2812 dancer head 1 -5.05018 -1.91687 -2.19086;
0 dancer neck 1 -4.98603 -2.33958 -2.14388;
0 dancer l_shoulder 1 -5.39868 -2.38004 -2.30467;
0 dancer l_elbow 1 -5.3262 -2.92874 -2.33855;
0 dancer l_hand 1 -4.90073 -3.22181 -2.61828;
0 dancer r_shoulder 1 -4.57338 -2.29911 -1.98309;
0 dancer r_elbow 1 -3.97037 -2.64467 -2.14595;
0 dancer r_hand 1 -3.79597 -2.65534 -2.56635;
0 dancer torso 1 -4.97086 -2.75692 -2.09454;
0 dancer l_hip 1 -5.18492 -3.19673 -2.13452;
0 dancer l_knee 1 -5.18492 -4.042 -2.13452;
0 dancer l_foot 1 -5.18492 -4.85476 -2.13452;
0 dancer r_hip 1 -4.72645 -3.15178 -1.95588;
0 dancer r_knee 1 -4.72645 -3.99705 -1.95588;
0 dancer r_foot 1 -4.72645 -4.8098 -1.95588;
31.9274 dancer head 1 -5.03493 -1.91777 -2.19609;
0 dancer neck 1 -4.97525 -2.34045 -2.14638;
0 dancer l_shoulder 1 -5.38811 -2.37995 -2.30718;
0 dancer l_elbow 1 -5.32777 -2.93007 -2.33317;
0 dancer l_hand 1 -4.91195 -3.26774 -2.58705;
0 dancer r_shoulder 1 -4.56239 -2.30095 -1.98558;
0 dancer r_elbow 1 -3.96975 -2.65255 -2.15065;
0 dancer r_hand 1 -3.79337 -2.65683 -2.57098;
0 dancer torso 1 -4.96492 -2.75749 -2.09539;
0 dancer l_hip 1 -5.18394 -3.19647 -2.13372;
0 dancer l_knee 1 -5.18394 -4.04174 -2.13372;
0 dancer l_foot 1 -5.18394 -4.8545 -2.13372;
0 dancer r_hip 1 -4.72524 -3.15259 -1.95507;
0 dancer r_knee 1 -4.72524 -3.99786 -1.95507;
0 dancer r_foot 1 -4.72524 -4.81062 -1.95507;
31.9274 dancer head 1 -5.01647 -1.91944 -2.20054;
0 dancer neck 1 -4.96333 -2.34203 -2.14772;
0 dancer l_shoulder 1 -5.37429 -2.38099 -2.30981;
0 dancer l_elbow 1 -5.32459 -2.93202 -2.32985;
0 dancer l_hand 1 -4.9247 -3.30739 -2.55916;
0 dancer r_shoulder 1 -4.55236 -2.30308 -1.98564;
0 dancer r_elbow 1 -3.96995 -2.65756 -2.15278;
0 dancer r_hand 1 -3.79141 -2.65883 -2.57295;
0 dancer torso 1 -4.95726 -2.75878 -2.09524;
0 dancer l_hip 1 -5.17948 -3.19716 -2.13279;
0 dancer l_knee 1 -5.17948 -4.04243 -2.13279;
0 dancer l_foot 1 -5.17948 -4.85519 -2.13279;
0 dancer r_hip 1 -4.72289 -3.15388 -1.95271;
0 dancer r_knee 1 -4.72289 -3.99915 -1.95271;
0 dancer r_foot 1 -4.72289 -4.81191 -1.95271;
34.8299 dancer head 1 -5.00709 -1.91771 -2.20359;
0 dancer neck 1 -4.95753 -2.34053 -2.14941;
0 dancer l_shoulder 1 -5.36706 -2.37901 -2.31247;
0 dancer l_elbow 1 -5.32642 -2.93063 -2.328;
0 dancer l_hand 1 -4.94659 -3.3376 -2.53437;
0 dancer r_shoulder 1 -4.548 -2.30205 -1.98635;
0 dancer r_elbow 1 -3.96841 -2.66046 -2.15498;
0 dancer r_hand 1 -3.78985 -2.65843 -2.57518;
0 dancer torso 1 -4.95415 -2.75714 -2.09623;
0 dancer l_hip 1 -5.17828 -3.19512 -2.13362;
0 dancer l_knee 1 -5.17828 -4.04039 -2.13362;
0 dancer l_foot 1 -5.17828 -4.85315 -2.13362;
0 dancer r_hip 1 -4.72328 -3.15237 -1.95246;
0 dancer r_knee 1 -4.72328 -3.99763 -1.95246;
0 dancer r_foot 1 -4.72328 -4.81039 -1.95246;
33.3787 dancer head 1 -4.99326 -1.91936 -2.20603;
0 dancer neck 1 -4.94799 -2.34162 -2.1499;
0 dancer l_shoulder 1 -5.35692 -2.38101 -2.31322;
0 dancer l_elbow 1 -5.32388 -2.93301 -2.32532;
0 dancer l_hand 1 -4.96657 -3.36627 -2.51055;
0 dancer r_shoulder 1 -4.53906 -2.30224 -1.98658;
0 dancer r_elbow 1 -3.96722 -2.66209 -2.15686;
0 dancer r_hand 1 -3.78669 -2.65892 -2.57686;
0 dancer torso 1 -4.94605 -2.75776 -2.09467;
0 dancer l_hip 1 -5.17127 -3.19578 -2.13017;
0 dancer l_knee 1 -5.17127 -4.04105 -2.13017;
0 dancer l_foot 1 -5.17127 -4.8538 -2.13017;
0 dancer r_hip 1 -4.71694 -3.15202 -1.94872;
0 dancer r_knee 1 -4.71694 -3.99729 -1.94872;
0 dancer r_foot 1 -4.71694 -4.81005 -1.94872;
33.3787 dancer head 1 -4.98436 -1.92018 -2.20763;
0 dancer neck 1 -4.94285 -2.3427 -2.15026;
0 dancer l_shoulder 1 -5.35202 -2.38086 -2.3136;
0 dancer l_elbow 1 -5.32525 -2.9331 -2.32306;
0 dancer l_hand 1 -4.99171 -3.38813 -2.489;
0 dancer r_shoulder 1 -4.53368 -2.30455 -1.98692;
0 dancer r_elbow 1 -3.96455 -2.66424 -2.16098;
0 dancer r_hand 1 -3.78304 -2.65948 -2.58088;
0 dancer torso 1 -4.94465 -2.75871 -2.09447;
0 dancer l_hip 1 -5.17375 -3.19591 -2.12941;
0 dancer l_knee 1 -5.17375 -4.04118 -2.12941;
0 dancer l_foot 1 -5.17375 -4.85394 -2.12941;
0 dancer r_hip 1 -4.71916 -3.15352 -1.94794;
0 dancer r_knee 1 -4.71916 -3.99879 -1.94794;
0 dancer r_foot 1 -4.71916 -4.81155 -1.94794;
34.8299 dancer head 1 -4.98247 -1.91948 -2.20978;
0 dancer neck 1 -4.94115 -2.34127 -2.15155;
0 dancer l_shoulder 1 -5.3504 -2.38055 -2.31469;
0 dancer l_elbow 1 -5.32877 -2.93294 -2.32212;
0 dancer l_hand 1 -5.01933 -3.40592 -2.47059;
0 dancer r_shoulder 1 -4.5319 -2.302 -1.98841;
0 dancer r_elbow 1 -3.96418 -2.6656 -2.16483;
0 dancer r_hand 1 -3.78182 -2.65736 -2.58461;
0 dancer torso 1 -4.94213 -2.75702 -2.09464;
0 dancer l_hip 1 -5.17046 -3.19458 -2.12835;
0 dancer l_knee 1 -5.17046 -4.03985 -2.12835;
0 dancer l_foot 1 -5.17046 -4.85261 -2.12835;
0 dancer r_hip 1 -4.71578 -3.15095 -1.9471;
0 dancer r_knee 1 -4.71578 -3.99622 -1.9471;
0 dancer r_foot 1 -4.71578 -4.80898 -1.9471;
31.9274 dancer head 1 -4.97892 -1.91909 -2.21017;
0 dancer neck 1 -4.93831 -2.34106 -2.15192;
0 dancer l_shoulder 1 -5.34655 -2.37928 -2.31583;
0 dancer l_elbow 1 -5.32912 -2.93178 -2.32169;
0 dancer l_hand 1 -5.04346 -3.4195 -2.4544;
0 dancer r_shoulder 1 -4.53007 -2.30285 -1.98801;
0 dancer r_elbow 1 -3.96478 -2.66715 -2.16549;
0 dancer r_hand 1 -3.77845 -2.65866 -2.58483;
0 dancer torso 1 -4.94137 -2.75692 -2.09548;
0 dancer l_hip 1 -5.17121 -3.19401 -2.13009;
0 dancer l_knee 1 -5.17121 -4.03928 -2.13009;
0 dancer l_foot 1 -5.17121 -4.85203 -2.13009;
0 dancer r_hip 1 -4.71765 -3.15155 -1.94798;
0 dancer r_knee 1 -4.71765 -3.99682 -1.94798;
0 dancer r_foot 1 -4.71765 -4.80957 -1.94798;
31.9274 dancer head 1 -4.97827 -1.91961 -2.21121;
0 dancer neck 1 -4.93805 -2.34196 -2.15157;
0 dancer l_shoulder 1 -5.34674 -2.3816 -2.31501;
0 dancer l_elbow 1 -5.33272 -2.93417 -2.31963;
0 dancer l_hand 1 -5.07007 -3.43396 -2.4382;
0 dancer r_shoulder 1 -4.52935 -2.30232 -1.98813;
0 dancer r_elbow 1 -3.9676 -2.66754 -2.16532;
0 dancer r_hand 1 -3.78118 -2.65423 -2.58457;
0 dancer torso 1 -4.93946 -2.75755 -2.09398;
0 dancer l_hip 1 -5.16791 -3.19515 -2.12719;
0 dancer l_knee 1 -5.16791 -4.04042 -2.12719;
0 dancer l_foot 1 -5.16791 -4.85318 -2.12719;
0 dancer r_hip 1 -4.71384 -3.15111 -1.94561;
0 dancer r_knee 1 -4.71384 -3.99638 -1.94561;
0 dancer r_foot 1 -4.71384 -4.80913 -1.94561;
36.2812 dancer head 1 -4.97834 -1.91984 -2.21129;
0 dancer neck 1 -4.93831 -2.34023 -2.151;
0 dancer l_shoulder 1 -5.34657 -2.38108 -2.31454;
0 dancer l_elbow 1 -5.3353 -2.93368 -2.3182;
0 dancer l_hand 1 -5.09461 -3.44335 -2.42411;
0 dancer r_shoulder 1 -4.53005 -2.29938 -1.98745;
0 dancer r_elbow 1 -3.97123 -2.66798 -2.16504;
0 dancer r_hand 1 -3.7816 -2.65316 -2.58391;
0 dancer torso 1 -4.93831 -2.75563 -2.09264;
0 dancer l_hip 1 -5.1651 -3.19371 -2.12513;
0 dancer l_knee 1 -5.1651 -4.03898 -2.12513;
0 dancer l_foot 1 -5.1651 -4.85174 -2.12513;
0 dancer r_hip 1 -4.71151 -3.14833 -1.94343;
0 dancer r_knee 1 -4.71151 -3.9936 -1.94343;
0 dancer r_foot 1 -4.71151 -4.80636 -1.94343;
30.4762 dancer head 1 -4.9767 -1.91963 -2.21124;
0 dancer neck 1 -4.93758 -2.3399 -2.15095;
0 dancer l_shoulder 1 -5.34512 -2.37988 -2.31506;
0 dancer l_elbow 1 -5.33607 -2.93251 -2.31797;
0 dancer l_hand 1 -5.11611 -3.45024 -2.41256;
0 dancer r_shoulder 1 -4.53004 -2.29991 -1.98683;
0 dancer r_elbow 1 -3.97309 -2.66924 -2.16264;
0 dancer r_hand 1 -3.78113 -2.6557 -2.58127;
0 dancer torso 1 -4.9388 -2.75545 -2.09324;
0 dancer l_hip 1 -5.16642 -3.19322 -2.12669;
0 dancer l_knee 1 -5.16642 -4.03849 -2.12669;
0 dancer l_foot 1 -5.16642 -4.85125 -2.12669;
0 dancer r_hip 1 -4.71364 -3.1488 -1.94436;
0 dancer r_knee 1 -4.71364 -3.99407 -1.94436;
0 dancer r_foot 1 -4.71364 -4.80682 -1.94436;
33.3787 dancer head 1 -4.97717 -1.92144 -2.21097;
0 dancer neck 1 -4.93668 -2.34109 -2.151;
0 dancer l_shoulder 1 -5.34404 -2.38146 -2.31517;
0 dancer l_elbow 1 -5.33679 -2.9341 -2.31748;
0 dancer l_hand 1 -5.13623 -3.4584 -2.40197;
0 dancer r_shoulder 1 -4.52931 -2.30072 -1.98684;
0 dancer r_elbow 1 -3.97578 -2.66995 -2.16326;
0 dancer r_hand 1 -3.77993 -2.65612 -2.58143;
0 dancer torso 1 -4.93509 -2.75693 -2.09447;
0 dancer l_hip 1 -5.15981 -3.19519 -2.12913;
0 dancer l_knee 1 -5.15981 -4.04046 -2.12913;
0 dancer l_foot 1 -5.15981 -4.85322 -2.12913;
0 dancer r_hip 1 -4.70721 -3.15035 -1.94674;
0 dancer r_knee 1 -4.70721 -3.99561 -1.94674;
0 dancer r_foot 1 -4.70721 -4.80837 -1.94674;
34.8299 dancer head 1 -4.97908 -1.92443 -2.20991;
0 dancer neck 1 -4.93795 -2.34456 -2.15097;
0 dancer l_shoulder 1 -5.34447 -2.38505 -2.31564;
0 dancer l_elbow 1 -5.33865 -2.93771 -2.31747;
0 dancer l_hand 1 -5.15613 -3.46734 -2.39296;
0 dancer r_shoulder 1 -4.53143 -2.30408 -1.98629;
0 dancer r_elbow 1 -3.97689 -2.67104 -2.16416;
0 dancer r_hand 1 -3.77785 -2.65618 -2.58194;
0 dancer torso 1 -4.93528 -2.76056 -2.09508;
0 dancer l_hip 1 -5.15844 -3.19905 -2.13068;
0 dancer l_knee 1 -5.15844 -4.04431 -2.13068;
0 dancer l_foot 1 -5.15844 -4.85707 -2.13068;
0 dancer r_hip 1 -4.70679 -3.15407 -1.94772;
0 dancer r_knee 1 -4.70679 -3.99934 -1.94772;
0 dancer r_foot 1 -4.70679 -4.81209 -1.94772;
33.3787 dancer head 1 -4.98046 -1.92145 -2.21054;
0 dancer neck 1 -4.94105 -2.34187 -2.15203;
0 dancer l_shoulder 1 -5.3487 -2.38071 -2.31622;
0 dancer l_elbow 1 -5.34404 -2.93337 -2.31768;
0 dancer l_hand 1 -5.1782 -3.46735 -2.38515;
0 dancer r_shoulder 1 -4.5334 -2.30303 -1.98783;
0 dancer r_elbow 1 -3.97524 -2.67252 -2.16649;
0 dancer r_hand 1 -3.77346 -2.65774 -2.58394;
0 dancer torso 1 -4.94108 -2.75799 -2.09664;
0 dancer l_hip 1 -5.16756 -3.19568 -2.13247;
0 dancer l_knee 1 -5.16756 -4.04095 -2.13247;
0 dancer l_foot 1 -5.16756 -4.85371 -2.13247;
0 dancer r_hip 1 -4.71465 -3.15253 -1.95004;
0 dancer r_knee 1 -4.71465 -3.9978 -1.95004;
0 dancer r_foot 1 -4.71465 -4.81055 -1.95004;
30.4762 dancer record 0;
