14.5125 0
46.4399 0
79.8186 0
114.649 0
148.027 0
179.955 0
214.785 0
246.712 0
277.188 0
313.469 0
345.397 0
377.324 0
412.154 0
444.082 0
477.46 0
513.741 0
545.669 0
576.145 0
612.426 0
645.805 0
676.281 0
712.562 0
744.49 0
776.417 0
812.698 0
844.626 0
876.553 0
912.834 0
947.664 0
976.689 0
1015.87 0
1046.35 0
1076.83 0
1113.11 0
1145.03 0
1181.32 0
1213.24 0
1245.17 0
1281.45 0
1311.93 0
1345.31 0
1380.14 0
1413.51 0
1443.99 0
1481.72 0
1512.2 0
1545.58 0
1580.41 0
1612.34 0
1644.26 0
1682 0
1713.92 0
1744.4 0
1780.68 0
1814.06 0
1844.54 0
1882.27 0
1912.74 0
1944.67 0
1979.5 0
2012.88 0
2044.81 0
2081.09 0
2113.02 0
2144.94 0
2181.22 0
2216.05 0
2246.53 0
2279.91 0
2313.29 0
2345.22 0
2381.5 0
2413.42 0
2448.25 0
2481.63 0
2512.11 0
2548.39 0
2580.32 0
2613.7 0
2648.53 0
2680.45 0
2712.38 0
2748.66 0
2780.59 0
2812.52 0
2848.8 0
2880.73 0
2914.1 0
2948.93 0
2982.31 0
3012.79 0
3049.07 0
3081 0
3112.93 0
3149.21 0
3181.13 0
3213.06 0
3249.34 0
3281.27 0
3313.2 0
3349.48 0
3381.41 0
3413.33 0
3448.16 0
3480.09 0
3513.47 0
3548.3 0
3580.23 0
3615.06 0
3648.44 0
3681.81 0
3715.19 0
3748.57 0
3781.95 0
3815.33 0
3848.71 0
3880.64 0
3915.47 0
3948.84 0
3980.77 0
4015.6 0
4051.88 0
4080.91 0
4115.74 0
4149.12 0
4181.04 0
4215.87 0
4249.25 0
4281.18 0
4316.01 0
4349.39 0
4381.32 0
4416.15 0
4449.52 0
4480 0
4514.83 0
4548.21 0
4580.14 0
4620.77 0
4648.35 0
4681.72 0
4715.1 0
4748.48 0
4781.86 0
4815.24 0
4848.62 0
4883.45 0
4915.38 0
4948.76 0
4986.49 0
5015.51 0
5048.89 0
5086.62 0
5115.65 0
5149.03 0
5183.86 0
5215.79 0
5249.16 0
5286.9 0
5315.92 0
5349.3 0
5384.13 0
5416.06 0
5449.44 0
5484.27 0
5516.19 0
5548.12 0
5585.85 0
5614.88 0
5648.26 0
5685.99 0
5715.01 0
5748.39 0
5786.13 0
5818.05 0
5848.53 0
5883.36 0
5915.29 0
5948.67 0
5986.4 0
6015.42 0
6051.7 0
6083.63 0
6118.46 0
6153.29 0
6183.77 0
6215.69 0
6253.43 0
6286.81 0
6315.83 0
6353.56 0
6386.94 0
6415.97 0
6453.7 0
6484.18 0
6516.1 0
6555.29 0
6587.21 0
6619.14 0
6653.97 0
6685.9 0
6714.92 0
6754.11 0
6786.03 0
6815.06 0
6854.24 0
6883.27 0
6915.19 0
6954.38 0
6986.31 0
7015.33 0
7054.51 0
7083.54 0
7115.47 0
7153.2 0
7186.58 0
7221.41 0
7254.79 0
7283.81 0
7321.54 0
7353.47 0
7385.4 0
7421.68 0
7453.61 0
7484.08 0
7520.36 0
7553.74 0
7587.12 0
7620.5 0
7653.88 0
7685.81 0
7720.64 0
7752.56 0
7785.94 0
7822.22 0
7854.15 0
7886.08 0
7920.91 0
7952.84 0
7986.22 0
8022.5 0
8055.88 0
8083.45 0
8121.18 0
8154.56 0
8183.59 0
8221.32 0
8253.25 0
8286.62 0
8321.46 0
8351.93 0
8383.86 0
8421.59 0
8453.52 0
8488.35 0
8521.73 0
8555.11 0
8588.49 0
8623.32 0
8653.79 0
8690.07 0
8722 0
8753.93 0
8790.21 0
8820.69 0
8854.07 0
8890.35 0
8923.73 0
8954.2 0
8989.03 0
9022.41 0
9054.34 0
9089.17 0
9121.1 0
9154.48 0
9189.31 0
9221.23 0
9254.61 0
9289.44 0
9321.37 0
9354.75 0
9388.13 0
9421.51 0
9453.44 0
9489.72 0
9521.64 0
9553.57 0
9589.85 0
9620.33 0
9656.61 0
9689.99 0
9721.92 0
9756.75 0
9790.13 0
9822.05 0
9856.88 0
9888.81 0
9920.74 0
9957.02 0
9988.95 0
10020.9 0
10057.2 0
10089.1 0
10122.5 0
10157.3 0
10190.7 0
10221.2 0
10256 0
10289.4 0
10321.3 0
10356.1 0
10389.5 0
10421.4 0
10456.3 0
10489.6 0
10521.6 0
10557.8 0
10588.3 0
10621.7 0
10656.5 0
10689.9 0
10721.8 0
10756.7 0
10788.6 0
10822 0
10858.3 0
10890.2 0
10925 0
10956.9 0
10988.9 0
11025.1 0
11058.5 0
11089 0
11125.3 0
11157.2 0
11189.1 0
11225.4 0
11257.3 0
11289.3 0
11325.6 0
11357.5 0
11389.4 0
11424.2 0
11456.2 0
11489.5 0
11524.4 0
11556.3 0
11589.7 0
11624.5 0
11656.4 0
11689.8 0
11724.7 0
11756.6 0
11790 0
11824.8 0
11856.7 0
11890.1 0
11924.9 0
11956.9 0
11988.8 0
12025.1 0
12057 0
12093.3 0
12125.2 0
12157.1 0
12192 0
12225.3 0
12255.8 0
12292.1 0
12324 0
12357.4 0
12392.2 0
12425.6 0
12457.5 0
12492.4 0
12524.3 0
12556.2 0
12592.5 0
12625.9 0
12657.8 0
12692.6 0
12724.6 0
12756.5 0
12794.2 0
12824.7 0
12856.6 0
12892.9 0
12924.8 0
12956.8 0
12993.1 0
13025 0
13056.9 0
13093.2 0
13125.1 0
13157 0
13193.3 0
13223.8 0
13257.2 0
13292 0
13325.4 0
13361.7 0
13392.1 0
13424.1 0
13460.4 0
13493.7 0
13524.2 0
13560.5 0
13592.4 0
13625.8 0
13660.6 0
13692.6 0
13724.5 0
13760.8 0
13792.7 0
13824.6 0
13860.9 0
13892.8 0
13924.8 0
13961 0
13993 0
14024.9 0
14061.2 0
14091.7 0
14125 0
14159.9 0
14191.8 0
14225.2 0
14260 0
14293.4 0
14325.3 0
14360.1 0
14392.1 0
14424 0
14458.8 0
14492.2 0
14528.5 0
14561.9 0
14592.3 0
14628.6 0
14660.5 0
14692.5 0
14728.8 0
14760.7 0
14792.6 0
14828.9 0
14860.8 0
14892.7 0
14929 0
14962.4 0
14992.9 0
15027.7 0
15059.6 0
15093 0
15129.3 0
15161.2 0
15193.2 0
15229.4 0
15261.4 0
15275.9 0
