14.5125 0
46.4399 2.36173
79.8186 2.33882
114.649 2.36334
148.027 2.36311
179.955 2.36387
214.785 2.32744
246.712 2.34306
277.188 2.35172
313.469 2.3454
345.397 2.34657
377.324 2.33804
412.154 2.32069
444.082 2.31717
477.46 2.27394
513.741 2.36744
545.669 2.42861
576.145 2.35485
612.426 2.2819
645.805 2.25545
676.281 2.23369
712.562 2.21874
744.49 2.20435
776.417 2.1885
812.698 2.22707
844.626 2.3401
876.553 2.36438
912.834 2.34779
947.664 2.33548
976.689 2.33032
1015.87 2.39096
1046.35 2.44568
1076.83 2.44307
1113.11 2.41409
1145.03 2.3545
1181.32 2.30008
1213.24 2.26492
1245.17 2.21448
1281.45 2.18279
1311.93 2.17223
1345.31 2.14816
1380.14 2.08977
1413.51 2.02522
1443.99 1.99966
1481.72 1.94781
1512.2 1.84868
1545.58 1.80265
1580.41 1.75537
1612.34 1.705
1644.26 1.65707
1682 1.59584
1713.92 1.53022
1744.4 1.45302
1780.68 1.3706
1814.06 1.29601
1844.54 1.23645
1882.27 1.19416
1912.74 1.22075
1944.67 1.22992
1979.5 1.24467
2012.88 1.25916
2044.81 1.27003
2081.09 1.29406
2113.02 1.32358
2144.94 1.34936
2181.22 1.35987
2216.05 1.38505
2246.53 1.41205
2279.91 1.39954
2313.29 1.39031
2345.22 1.38304
2381.5 1.38607
2413.42 1.37344
2448.25 1.37804
2481.63 1.37552
2512.11 1.3557
2548.39 1.3504
2580.32 1.33864
2613.7 1.35029
2648.53 1.35128
2680.45 1.38202
2712.38 1.41159
2748.66 1.41305
2780.59 1.40037
2812.52 1.4024
2848.8 1.40118
2880.73 1.39131
2914.1 1.37894
2948.93 1.3756
2982.31 1.37411
3012.79 1.37309
3049.07 1.39759
3081 1.39021
3112.93 1.39183
3149.21 1.3954
3181.13 1.40136
3213.06 1.40742
3249.34 1.41584
3281.27 1.41478
3313.2 1.41661
3349.48 1.42157
3381.41 1.4129
3413.33 1.41064
3448.16 1.40433
3480.09 1.39095
3513.47 1.38443
3548.3 1.36966
3580.23 1.38098
3615.06 1.37586
3648.44 1.36573
3681.81 1.36387
3715.19 1.36231
3748.57 1.36253
3781.95 1.37595
3815.33 1.36747
3848.71 1.35964
3880.64 1.34283
3915.47 1.33934
3948.84 1.34206
3980.77 1.34723
4015.6 1.3553
4051.88 1.36646
4080.91 1.36007
4115.74 1.35357
4149.12 1.36191
4181.04 1.35088
4215.87 1.33223
4249.25 1.3505
4281.18 1.34142
4316.01 1.33866
4349.39 1.34383
4381.32 1.32392
4416.15 1.34366
4449.52 1.33278
4480 1.3182
4514.83 1.32452
4548.21 1.32311
4580.14 1.31477
4620.77 1.29848
4648.35 1.29602
4681.72 1.35147
4715.1 1.44844
4748.48 1.55656
4781.86 1.68014
4815.24 1.8523
4848.62 2.03034
4883.45 2.23394
4915.38 2.40277
4948.76 2.51774
4986.49 2.6463
5015.51 2.77281
5048.89 2.792
5086.62 2.80006
5115.65 2.78833
5149.03 2.7598
5183.86 2.73309
5215.79 2.63149
5249.16 2.50035
5286.9 2.32486
5315.92 2.17051
5349.3 2.10548
5384.13 2.16002
5416.06 2.18388
5449.44 2.1474
5484.27 2.18698
5516.19 2.17561
5548.12 2.24848
5585.85 2.27409
5614.88 2.32018
5648.26 2.32647
5685.99 2.36586
5715.01 2.3704
5748.39 2.45602
5786.13 2.54321
5818.05 2.64785
5848.53 2.7277
5883.36 2.77673
5915.29 2.91332
5948.67 3.04184
5986.4 3.07991
6015.42 3.02282
6051.7 2.85162
6083.63 2.64888
6118.46 2.56564
6153.29 2.54185
6183.77 2.47943
6215.69 2.40788
6253.43 2.33801
6286.81 2.25763
6315.83 2.19164
6353.56 2.09939
6386.94 2.01497
6415.97 1.95322
6453.7 1.94697
6484.18 1.95572
6516.1 1.91241
6555.29 1.87785
6587.21 1.85478
6619.14 1.83494
6653.97 1.79614
6685.9 1.72436
6714.92 1.66218
6754.11 1.64363
6786.03 1.65998
6815.06 1.64521
6854.24 1.66961
6883.27 1.73642
6915.19 1.7557
6954.38 1.74509
6986.31 1.77113
7015.33 1.86439
7054.51 1.98012
7083.54 2.11748
7115.47 2.24613
7153.2 2.40433
7186.58 2.57598
7221.41 2.7156
7254.79 2.90028
7283.81 2.88632
7321.54 3.05438
7353.47 3.19663
7385.4 3.26273
7421.68 3.26141
7453.61 3.2626
7484.08 3.22594
7520.36 3.13837
7553.74 2.96481
7587.12 2.74535
7620.5 2.57611
7653.88 2.35714
7685.81 2.4177
7720.64 2.41207
7752.56 2.46884
7785.94 2.38525
7822.22 2.33268
7854.15 2.35319
7886.08 2.35824
7920.91 2.37167
7952.84 2.36929
7986.22 2.38219
8022.5 2.4331
8055.88 2.44419
8083.45 2.41147
8121.18 2.46633
8154.56 2.57169
8183.59 2.61682
8221.32 2.65548
8253.25 2.59557
8286.62 2.6249
8321.46 2.6251
8351.93 2.58613
8383.86 2.52386
8421.59 2.48785
8453.52 2.42296
8488.35 2.41852
8521.73 2.36812
8555.11 2.30394
8588.49 2.2032
8623.32 2.12014
8653.79 2.08602
8690.07 2.1511
8722 2.19961
8753.93 2.18562
8790.21 2.17236
8820.69 2.14798
8854.07 2.11976
8890.35 2.07545
8923.73 2.00399
8954.2 1.99044
8989.03 1.94477
9022.41 1.92268
9054.34 1.90589
9089.17 1.83536
9121.1 1.81973
9154.48 1.83595
9189.31 1.82891
9221.23 1.85874
9254.61 1.89596
9289.44 1.88008
9321.37 1.86774
9354.75 1.91831
9388.13 2.04612
9421.51 2.14068
9453.44 2.24632
9489.72 2.39034
9521.64 2.60336
9553.57 2.79726
9589.85 2.94792
9620.33 3.09317
9656.61 3.23809
9689.99 3.36955
9721.92 3.49064
9756.75 3.57375
9790.13 3.56691
9822.05 3.57358
9856.88 3.46796
9888.81 3.24646
9920.74 2.79896
9957.02 2.46631
9988.95 2.15968
10020.9 2.23211
10057.2 2.25422
10089.1 2.32067
10122.5 2.31416
10157.3 2.37645
10190.7 2.38227
10221.2 2.36437
10256 2.34828
10289.4 2.35314
10321.3 2.34562
10356.1 2.36566
10389.5 2.37999
10421.4 2.44731
10456.3 2.51567
10489.6 2.525
10521.6 2.54926
10557.8 2.55197
10588.3 2.5561
10621.7 2.51751
10656.5 2.48626
10689.9 2.45056
10721.8 2.4384
10756.7 2.35738
10788.6 2.32285
10822 2.2768
10858.3 2.21518
10890.2 2.32566
10925 2.42007
10956.9 2.50787
10988.9 2.58758
11025.1 2.65034
11058.5 2.73843
11089 2.78961
11125.3 2.82485
11157.2 2.8176
11189.1 2.85247
11225.4 2.8341
11257.3 2.81558
11289.3 2.82622
11325.6 2.82115
11357.5 2.83876
11389.4 2.82173
11424.2 2.84382
11456.2 2.80963
11489.5 2.83751
11524.4 2.93005
11556.3 2.93415
11589.7 2.96797
11624.5 2.99078
11656.4 3.09044
11689.8 3.20397
11724.7 3.33313
11756.6 3.49407
11790 3.39352
11824.8 3.3591
11856.7 3.27354
11890.1 3.16066
11924.9 3.27694
11956.9 3.38532
11988.8 3.37966
12025.1 3.32651
12057 2.97787
12093.3 2.90826
12125.2 2.8962
12157.1 2.62288
12192 2.60696
12225.3 2.41242
12255.8 2.29921
12292.1 2.23368
12324 2.172
12357.4 2.1414
12392.2 2.08172
12425.6 2.10662
12457.5 2.11043
12492.4 2.11971
12524.3 2.17148
12556.2 2.26233
12592.5 2.34103
12625.9 2.4106
12657.8 2.52191
12692.6 2.66153
12724.6 2.82111
12756.5 2.95034
12794.2 3.07814
12824.7 3.28546
12856.6 3.47178
12892.9 3.61081
12924.8 3.75352
12956.8 3.80787
12993.1 3.80015
13025 3.84906
13056.9 3.9167
13093.2 3.91143
13125.1 3.90526
13157 3.86406
13193.3 3.80797
13223.8 3.78349
13257.2 3.6813
13292 3.60474
13325.4 3.61057
13361.7 3.55449
13392.1 3.44635
13424.1 3.32431
13460.4 3.24352
13493.7 3.06402
13524.2 2.96349
13560.5 2.89656
13592.4 2.83873
13625.8 2.77117
13660.6 2.68406
13692.6 2.64061
13724.5 2.57509
13760.8 2.52439
13792.7 2.47318
13824.6 2.42984
13860.9 2.28893
13892.8 2.17976
13924.8 2.06799
13961 1.95435
13993 1.85438
14024.9 1.7688
14061.2 1.70892
14091.7 1.72398
14125 1.71285
14159.9 1.7365
14191.8 1.77063
14225.2 1.79567
14260 1.80504
14293.4 1.79973
14325.3 1.80514
14360.1 1.82777
14392.1 1.8365
14424 1.8314
14458.8 1.84984
14492.2 1.85103
14528.5 1.85657
14561.9 1.86957
14592.3 1.89051
14628.6 1.90179
14660.5 1.91613
14692.5 1.92806
14728.8 1.93299
14760.7 1.83681
14792.6 2.03198
14828.9 2.19804
14860.8 2.30495
14892.7 2.3575
14929 2.41795
14962.4 2.47493
14992.9 2.47688
15027.7 2.47108
15059.6 2.44856
15093 2.44514
15129.3 2.42427
15161.2 2.44132
15193.2 2.43696
15229.4 2.44048
15261.4 2.45411
15275.9 2.42501
