14.5125 0
46.4399 -4.54495 -3.76212 -2.34199
79.8186 -4.54413 -3.76163 -2.3448
114.649 -4.55253 -3.76128 -2.34426
148.027 -4.55279 -3.76133 -2.34529
179.955 -4.54969 -3.76093 -2.34651
214.785 -4.54906 -3.76014 -2.34824
246.712 -4.55238 -3.75935 -2.34856
277.188 -4.55647 -3.75938 -2.34691
313.469 -4.55618 -3.75959 -2.34652
345.397 -4.55223 -3.75825 -2.34522
377.324 -4.54965 -3.75735 -2.34418
412.154 -4.5479 -3.75633 -2.34305
444.082 -4.5353 -3.75088 -2.3498
477.46 -4.54431 -3.74973 -2.34738
513.741 -4.53316 -3.77223 -2.33649
545.669 -4.53947 -3.78324 -2.33238
576.145 -4.56778 -3.77233 -2.32871
612.426 -4.58578 -3.75714 -2.32465
645.805 -4.59822 -3.74041 -2.31334
676.281 -4.60494 -3.72363 -2.29707
712.562 -4.61656 -3.70983 -2.2758
744.49 -4.6369 -3.69533 -2.25269
776.417 -4.66752 -3.68029 -2.23293
812.698 -4.69941 -3.66891 -2.21504
844.626 -4.71597 -3.65481 -2.19898
876.553 -4.72905 -3.64172 -2.18372
912.834 -4.74301 -3.62608 -2.16853
947.664 -4.7569 -3.61137 -2.15318
976.689 -4.76996 -3.59699 -2.13939
1015.87 -4.7868 -3.58398 -2.12682
1046.35 -4.79455 -3.57314 -2.11106
1076.83 -4.79881 -3.56266 -2.09755
1113.11 -4.79738 -3.55093 -2.08101
1145.03 -4.79764 -3.54073 -2.06841
1181.32 -4.79724 -3.53624 -2.05772
1213.24 -4.79771 -3.53093 -2.04833
1245.17 -4.79479 -3.52534 -2.04162
1281.45 -4.79032 -3.5188 -2.03599
1311.93 -4.78612 -3.51789 -2.03085
1345.31 -4.78093 -3.51585 -2.02552
1380.14 -4.77602 -3.51286 -2.02119
1413.51 -4.77306 -3.50827 -2.01642
1443.99 -4.76752 -3.50074 -2.01077
1481.72 -4.76123 -3.49459 -2.00428
1512.2 -4.7616 -3.49248 -2.00298
1545.58 -4.75729 -3.48531 -2.00134
1580.41 -4.75784 -3.47824 -1.99719
1612.34 -4.75609 -3.47004 -1.99208
1644.26 -4.75677 -3.464 -1.98803
1682 -4.75679 -3.45631 -1.98439
1713.92 -4.75463 -3.45154 -1.98345
1744.4 -4.75052 -3.4483 -1.98169
1780.68 -4.7482 -3.4439 -1.98101
1814.06 -4.7484 -3.43908 -1.97975
1844.54 -4.74929 -3.434 -1.97845
1882.27 -4.74625 -3.42804 -1.97714
1912.74 -4.74154 -3.42559 -1.97582
1944.67 -4.73796 -3.42109 -1.97645
1979.5 -4.73627 -3.41644 -1.97724
2012.88 -4.73389 -3.41705 -1.97669
2044.81 -4.73299 -3.41745 -1.9761
2081.09 -4.73036 -3.41942 -1.97311
2113.02 -4.72611 -3.41897 -1.9736
2144.94 -4.71854 -3.41921 -1.97288
2181.22 -4.71306 -3.4158 -1.97326
2216.05 -4.70831 -3.41331 -1.97406
2246.53 -4.70051 -3.41378 -1.97353
2279.91 -4.69259 -3.41192 -1.97422
2313.29 -4.68331 -3.41037 -1.97475
2345.22 -4.67707 -3.40909 -1.97414
2381.5 -4.66989 -3.40811 -1.97298
2413.42 -4.66582 -3.40309 -1.97459
2448.25 -4.66037 -3.39909 -1.97715
2481.63 -4.65468 -3.39857 -1.97736
2512.11 -4.65169 -3.39649 -1.9798
2548.39 -4.64471 -3.39429 -1.98251
2580.32 -4.63986 -3.39534 -1.98422
2613.7 -4.63439 -3.3981 -1.98578
2648.53 -4.63074 -3.39945 -1.98887
2680.45 -4.62599 -3.40095 -1.99096
2712.38 -4.62215 -3.40198 -1.99154
2748.66 -4.61821 -3.40165 -1.99559
2780.59 -4.61645 -3.40265 -1.99959
2812.52 -4.61448 -3.40055 -2.00119
2848.8 -4.61281 -3.40236 -2.00141
2880.73 -4.61326 -3.40032 -2.00112
2914.1 -4.61129 -3.40165 -2.00239
2948.93 -4.61178 -3.40061 -2.00256
2982.31 -4.61256 -3.39985 -2.00362
3012.79 -4.61673 -3.4002 -2.00561
3049.07 -4.617 -3.40005 -2.00473
3081 -4.61871 -3.39997 -2.00671
3112.93 -4.61761 -3.40099 -2.0062
3149.21 -4.61798 -3.39965 -2.00915
3181.13 -4.61736 -3.39894 -2.00969
3213.06 -4.61857 -3.39799 -2.01004
3249.34 -4.61792 -3.39759 -2.01111
3281.27 -4.62186 -3.39715 -2.0101
3313.2 -4.62407 -3.39547 -2.01041
3349.48 -4.62478 -3.39504 -2.01081
3381.41 -4.62793 -3.39474 -2.00969
3413.33 -4.63017 -3.39442 -2.01027
3448.16 -4.63316 -3.39407 -2.01097
3480.09 -4.63447 -3.39442 -2.01045
3513.47 -4.63327 -3.39487 -2.01221
3548.3 -4.63679 -3.39295 -2.01148
3580.23 -4.63701 -3.39294 -2.01193
3615.06 -4.63739 -3.39179 -2.00949
3648.44 -4.64002 -3.39041 -2.00696
3681.81 -4.63985 -3.38869 -2.0066
3715.19 -4.63944 -3.38698 -2.00438
3748.57 -4.63867 -3.38349 -2.0037
3781.95 -4.63585 -3.38224 -2.00256
3815.33 -4.63592 -3.38327 -2.00264
3848.71 -4.63357 -3.38361 -2.00189
3880.64 -4.63165 -3.38273 -2.00126
3915.47 -4.63137 -3.38137 -2.00163 
3948.84 -4.63183 -3.38142 -2.0003
3980.77 -4.63269 -3.38031 -2.00074
4015.6 -4.63168 -3.37996 -1.99998
4051.88 -4.62953 -3.37926 -2.00042
4080.91 -4.6315 -3.37932 -2.00058
4115.74 -4.63395 -3.38155 -2.00157
4149.12 -4.63377 -3.38318 -2.00014
4181.04 -4.63098 -3.38175 -2.001
4215.87 -4.63448 -3.38183 -2.00083
4249.25 -4.6323 -3.38201 -2.00114
4281.18 -4.63129 -3.37886 -2.00089
4316.01 -4.62876 -3.37852 -2.002
4349.39 -4.62788 -3.37924 -1.99955
4381.32 -4.63 -3.37922 -2.00004
4416.15 -4.62966 -3.37474 -2.00159
4449.52 -4.63104 -3.37265 -2.00215
4480 -4.63207 -3.36957 -2.00417
4514.83 -4.62906 -3.3703 -2.00901
4548.21 -4.62795 -3.36886 -2.01363
4580.14 -4.62579 -3.36886 -2.01716
4620.77 -4.61986 -3.37065 -2.01903
4648.35 -4.61303 -3.37228 -2.01982
4681.72 -4.60473 -3.37553 -2.02053
4715.1 -4.58982 -3.38226 -2.022
4748.48 -4.57699 -3.39206 -2.0225
4781.86 -4.56327 -3.40463 -2.02262
4815.24 -4.54873 -3.42141 -2.02057
4848.62 -4.53493 -3.44051 -2.01509
4883.45 -4.51822 -3.46144 -2.00765
4915.38 -4.50816 -3.48451 -2.00025
4948.76 -4.5068 -3.50682 -1.99367
4986.49 -4.50579 -3.52621 -1.98621
5015.51 -4.50144 -3.54097 -1.97764
5048.89 -4.50586 -3.555 -1.96572
5086.62 -4.51147 -3.57074 -1.95276
5115.65 -4.51738 -3.58298 -1.94107
5149.03 -4.52712 -3.59469 -1.93043
5183.86 -4.53508 -3.60497 -1.92114
5215.79 -4.54709 -3.61139 -1.91058
5249.16 -4.56026 -3.61627 -1.90087
5286.9 -4.57567 -3.62025 -1.8918
5315.92 -4.59001 -3.62017 -1.88356
5349.3 -4.59993 -3.61665 -1.87369
5384.13 -4.61642 -3.61229 -1.86484
5416.06 -4.63533 -3.60786 -1.85559
5449.44 -4.66317 -3.60281 -1.86092
5484.27 -4.67534 -3.59717 -1.85494
5516.19 -4.69631 -3.58989 -1.85437
5548.12 -4.70666 -3.5803 -1.84595
5585.85 -4.7169 -3.56787 -1.8461
5614.88 -4.72524 -3.55456 -1.83663
5648.26 -4.73991 -3.54072 -1.83339
5685.99 -4.74773 -3.52686 -1.83153
5715.01 -4.75878 -3.51171 -1.83089
5748.39 -4.76756 -3.49672 -1.82788
5786.13 -4.77898 -3.48249 -1.82428
5818.05 -4.78586 -3.46451 -1.81622
5848.53 -4.78754 -3.44876 -1.81629
5883.36 -4.78995 -3.4316 -1.81186
5915.29 -4.79668 -3.41523 -1.80742
5948.67 -4.7968 -3.39909 -1.80593
5986.4 -4.79543 -3.38562 -1.80735
6015.42 -4.78901 -3.37175 -1.80971
6051.7 -4.78243 -3.3599 -1.81583
6083.63 -4.7751 -3.34679 -1.82118
6118.46 -4.76735 -3.33331 -1.82514
6153.29 -4.7562 -3.32144 -1.83384
6183.77 -4.7444 -3.31052 -1.84476
6215.69 -4.73229 -3.29935 -1.85725
6253.43 -4.71943 -3.29105 -1.86973
6286.81 -4.70832 -3.28759 -1.88329
6315.83 -4.69523 -3.28157 -1.90038
6353.56 -4.68332 -3.27909 -1.91582
6386.94 -4.671 -3.27862 -1.92978
6415.97 -4.65917 -3.27828 -1.94189
6453.7 -4.65109 -3.2808 -1.95663
6484.18 -4.6413 -3.28386 -1.97125
6516.1 -4.63826 -3.29224 -1.98611
6555.29 -4.631 -3.30037 -1.99987
6587.21 -4.62336 -3.30775 -2.01213
6619.14 -4.61172 -3.3126 -2.02482
6653.97 -4.60224 -3.32011 -2.03359
6685.9 -4.59622 -3.33092 -2.04236
6714.92 -4.5928 -3.34431 -2.0509
6754.11 -4.58647 -3.35663 -2.05665
6786.03 -4.57285 -3.36828 -2.06062
6815.06 -4.5666 -3.3807 -2.06541
6854.24 -4.56143 -3.39327 -2.06916
6883.27 -4.55015 -3.40422 -2.07068
6915.19 -4.54012 -3.41811 -2.07174
6954.38 -4.53313 -3.43709 -2.07194
6986.31 -4.52723 -3.45676 -2.07218
7015.33 -4.5185 -3.47342 -2.06973
7054.51 -4.51085 -3.48995 -2.06598
7083.54 -4.49985 -3.50566 -2.05814
7115.47 -4.49387 -3.51688 -2.04671
7153.2 -4.48894 -3.52762 -2.03788
7186.58 -4.48226 -3.53886 -2.02923
7221.41 -4.48338 -3.54802 -2.0207
7254.79 -4.47644 -3.55729 -2.01024
7283.81 -4.48384 -3.56571 -2.00342
7321.54 -4.48226 -3.57617 -1.98867
7353.47 -4.48194 -3.58479 -1.97317
7385.4 -4.49142 -3.59289 -1.95697
7421.68 -4.5036 -3.60044 -1.94066
7453.61 -4.51414 -3.60224 -1.92679
7484.08 -4.52519 -3.60324 -1.91362
7520.36 -4.53587 -3.60138 -1.90152
7553.74 -4.55065 -3.59858 -1.89194
7587.12 -4.57093 -3.59416 -1.88218
7620.5 -4.58691 -3.58791 -1.87215
7653.88 -4.62035 -3.58478 -1.8671
7685.81 -4.63289 -3.57472 -1.85668
7720.64 -4.66167 -3.56701 -1.85128
7752.56 -4.6793 -3.55709 -1.84712
7785.94 -4.69778 -3.5521 -1.84305
7822.22 -4.71609 -3.54567 -1.83807
7854.15 -4.72783 -3.53829 -1.83372
7886.08 -4.738 -3.5287 -1.82834
7920.91 -4.74532 -3.51769 -1.8233
7952.84 -4.75309 -3.50715 -1.81912
7986.22 -4.76012 -3.49312 -1.81651
8022.5 -4.76282 -3.47896 -1.81623
8055.88 -4.766 -3.46406 -1.8156
8083.45 -4.76908 -3.45087 -1.81568
8121.18 -4.77397 -3.43332 -1.81343
8154.56 -4.77497 -3.41664 -1.81211
8183.59 -4.77664 -3.40218 -1.81248
8221.32 -4.7748 -3.3873 -1.81495
8253.25 -4.77457 -3.37418 -1.82021
8286.62 -4.77194 -3.36174 -1.82448
8321.46 -4.76425 -3.35262 -1.82922
8351.93 -4.75851 -3.34011 -1.83448
8383.86 -4.75213 -3.32678 -1.84388
8421.59 -4.74111 -3.31762 -1.85223
8453.52 -4.7316 -3.31078 -1.86224
8488.35 -4.72058 -3.30407 -1.87174
8521.73 -4.7097 -3.29624 -1.88362
8555.11 -4.69746 -3.29028 -1.8967
8588.49 -4.68693 -3.28787 -1.91089
8623.32 -4.67237 -3.28757 -1.92711
8653.79 -4.65899 -3.28885 -1.94123
8690.07 -4.64995 -3.2923 -1.95411
8722 -4.64126 -3.29746 -1.96448
8753.93 -4.63196 -3.29658 -1.97688
8790.21 -4.62686 -3.30174 -1.98821
8820.69 -4.62218 -3.30773 -1.99827
8854.07 -4.61957 -3.31529 -2.00822
8890.35 -4.61305 -3.32372 -2.0173
8923.73 -4.61316 -3.33398 -2.02805
8954.2 -4.6058 -3.34131 -2.03786
8989.03 -4.60439 -3.35168 -2.04486
9022.41 -4.60112 -3.36061 -2.05285
9054.34 -4.59466 -3.36934 -2.05886
9089.17 -4.59336 -3.37979 -2.06813
9121.1 -4.58903 -3.38963 -2.07571
9154.48 -4.58111 -3.40081 -2.07974
9189.31 -4.57766 -3.41052 -2.08261
9221.23 -4.56943 -3.42157 -2.08403
9254.61 -4.56006 -3.4322 -2.08224
9289.44 -4.5521 -3.44889 -2.08012
9321.37 -4.54593 -3.46406 -2.07988
9354.75 -4.54075 -3.48143 -2.07832
9388.13 -4.53036 -3.49649 -2.07264
9421.51 -4.52701 -3.51491 -2.06427
9453.44 -4.52655 -3.5303 -2.05376
9489.72 -4.5184 -3.54153 -2.04561
9521.64 -4.50886 -3.54893 -2.03562
9553.57 -4.50101 -3.55782 -2.0275
9589.85 -4.49699 -3.56529 -2.01821
9620.33 -4.49909 -3.56911 -2.00626
9656.61 -4.49839 -3.57543 -1.99423
9689.99 -4.50233 -3.58374 -1.97885
9721.92 -4.50707 -3.59024 -1.96421
9756.75 -4.51256 -3.59184 -1.94871
9790.13 -4.5218 -3.59245 -1.93531
9822.05 -4.53173 -3.59139 -1.9181
9856.88 -4.54633 -3.58717 -1.90437
9888.81 -4.56748 -3.58124 -1.89402
9920.74 -4.60199 -3.57985 -1.88453
9957.02 -4.62792 -3.57509 -1.87592
9988.95 -4.65138 -3.56884 -1.86879
10020.9 -4.66796 -3.55669 -1.85988
10057.2 -4.68602 -3.54839 -1.85291
10089.1 -4.69688 -3.53809 -1.84654
10122.5 -4.712 -3.52952 -1.84181
10157.3 -4.71713 -3.51759 -1.83674
10190.7 -4.72215 -3.50698 -1.83375
10221.2 -4.73109 -3.49607 -1.82956
10256 -4.73834 -3.48684 -1.82681
10289.4 -4.74191 -3.47591 -1.82584
10321.3 -4.74547 -3.46624 -1.82619
10356.1 -4.74664 -3.45578 -1.82709
10389.5 -4.74657 -3.44307 -1.82907
10421.4 -4.74691 -3.42355 -1.82482
10456.3 -4.74634 -3.40675 -1.82405
10489.6 -4.74557 -3.39395 -1.82442
10521.6 -4.73913 -3.38305 -1.83033
10557.8 -4.73297 -3.3749 -1.83739
10588.3 -4.7217 -3.36685 -1.84396
10621.7 -4.714 -3.36082 -1.85191
10656.5 -4.70713 -3.35637 -1.86678
10689.9 -4.70221 -3.35303 -1.87991
10721.8 -4.6921 -3.34962 -1.89355
10756.7 -4.68881 -3.35218 -1.90656
10788.6 -4.68572 -3.35617 -1.92072
10822 -4.68032 -3.35617 -1.93368
10858.3 -4.6772 -3.35784 -1.94444
10890.2 -4.67585 -3.36035 -1.95447
10925 -4.67455 -3.36411 -1.96912
10956.9 -4.66863 -3.36878 -1.97964
10988.9 -4.6659 -3.37418 -1.99076
11025.1 -4.66567 -3.37995 -2.00203
11058.5 -4.66195 -3.38574 -2.01346
11089 -4.6613 -3.39227 -2.02283
11125.3 -4.65823 -3.39753 -2.03325
11157.2 -4.66019 -3.40497 -2.04318
11189.1 -4.65801 -3.41098 -2.0498
11225.4 -4.65627 -3.41875 -2.05645
11257.3 -4.65328 -3.42516 -2.06659
11289.3 -4.64915 -3.43437 -2.07555
11325.6 -4.64389 -3.44469 -2.08426
11357.5 -4.63779 -3.45641 -2.09378
11389.4 -4.62928 -3.46813 -2.09632
11424.2 -4.61747 -3.48279 -2.09997
11456.2 -4.6077 -3.49996 -2.10734
11489.5 -4.59448 -3.51903 -2.11319
11524.4 -4.57648 -3.54271 -2.11759
11556.3 -4.56648 -3.56554 -2.11984
11589.7 -4.558 -3.5877 -2.11853
11624.5 -4.54467 -3.60918 -2.11619
11656.4 -4.52894 -3.62786 -2.11289
11689.8 -4.51479 -3.64834 -2.10499
11724.7 -4.50766 -3.66923 -2.09287
11756.6 -4.50383 -3.69047 -2.08192
11790 -4.52661 -3.70734 -2.07112
11824.8 -4.54312 -3.7201 -2.05698
11856.7 -4.55994 -3.73125 -2.04133
11890.1 -4.57828 -3.73816 -2.02647
11924.9 -4.5835 -3.74788 -2.00956
11956.9 -4.5884 -3.75382 -1.99355
11988.8 -4.59488 -3.75719 -1.97795
12025.1 -4.60015 -3.75809 -1.96625
12057 -4.62353 -3.75103 -1.96715
12093.3 -4.63318 -3.74757 -1.95913
12125.2 -4.64014 -3.74534 -1.95033
12157.1 -4.65641 -3.73715 -1.95259
12192 -4.6594 -3.7315 -1.94352
12225.3 -4.67494 -3.72336 -1.94391
12255.8 -4.68617 -3.71387 -1.94226
12292.1 -4.69376 -3.70514 -1.94001
12324 -4.70104 -3.6968 -1.93889
12357.4 -4.70813 -3.68859 -1.93565
12392.2 -4.71275 -3.68002 -1.93242
12425.6 -4.71549 -3.66836 -1.92856
12457.5 -4.71803 -3.65701 -1.92728
12492.4 -4.71978 -3.64542 -1.92429
12524.3 -4.72244 -3.63314 -1.92078
12556.2 -4.71999 -3.62194 -1.91935
12592.5 -4.71551 -3.61059 -1.91863
12625.9 -4.71192 -3.59976 -1.91817
12657.8 -4.70682 -3.58771 -1.91746
12692.6 -4.70104 -3.5775 -1.91808
12724.6 -4.69279 -3.56867 -1.92203
12756.5 -4.68422 -3.5596 -1.92641
12794.2 -4.67595 -3.55079 -1.93207
12824.7 -4.66621 -3.53726 -1.93268
12856.6 -4.65693 -3.52681 -1.93479
12892.9 -4.65272 -3.51781 -1.94157
12924.8 -4.64691 -3.50993 -1.94609
12956.8 -4.63952 -3.50509 -1.95391
12993.1 -4.63667 -3.50323 -1.96383
13025 -4.63515 -3.49927 -1.97517
13056.9 -4.62976 -3.49697 -1.98486
13093.2 -4.62425 -3.49436 -1.99463
13125.1 -4.61883 -3.49283 -2.00491
13157 -4.6155 -3.49349 -2.01707
13193.3 -4.61067 -3.49432 -2.02766
13223.8 -4.60361 -3.49579 -2.0368
13257.2 -4.60444 -3.49845 -2.04758
13292 -4.60227 -3.50393 -2.05917
13325.4 -4.58767 -3.50961 -2.07242
13361.7 -4.57648 -3.51369 -2.08355
13392.1 -4.56083 -3.52113 -2.09393
13424.1 -4.55262 -3.53229 -2.10578
13460.4 -4.54809 -3.54408 -2.11687
13493.7 -4.54836 -3.5597 -2.13222
13524.2 -4.54739 -3.57804 -2.1473
13560.5 -4.5545 -3.59309 -2.16366
13592.4 -4.56128 -3.60648 -2.17868
13625.8 -4.56803 -3.62211 -2.19262
13660.6 -4.57955 -3.63336 -2.21032
13692.6 -4.58897 -3.64585 -2.22531
13724.5 -4.59859 -3.65582 -2.24144
13760.8 -4.60759 -3.66634 -2.25608
13792.7 -4.61449 -3.6734 -2.27178
13824.6 -4.59771 -3.69712 -2.27381
13860.9 -4.58621 -3.72624 -2.2776
13892.8 -4.57683 -3.75235 -2.28067
13924.8 -4.57581 -3.77511 -2.28202
13961 -4.5812 -3.79568 -2.28533
13993 -4.59308 -3.8129 -2.2884
14024.9 -4.6045 -3.82782 -2.28979
14061.2 -4.60775 -3.84234 -2.28934
14091.7 -4.61851 -3.85894 -2.28314
14125 -4.62996 -3.87074 -2.28139
14159.9 -4.64006 -3.87941 -2.27996
14191.8 -4.64976 -3.88741 -2.27853
14225.2 -4.65826 -3.89488 -2.27794
14260 -4.66375 -3.90086 -2.27751
14293.4 -4.67307 -3.90673 -2.27703
14325.3 -4.67899 -3.91127 -2.2762
14360.1 -4.68323 -3.91553 -2.2721
14392.1 -4.68399 -3.91734 -2.26935
14424 -4.69187 -3.91856 -2.26724
14458.8 -4.69607 -3.92125 -2.26476
14492.2 -4.69886 -3.92239 -2.26306
14528.5 -4.69917 -3.92424 -2.26077
14561.9 -4.69886 -3.92449 -2.25867
14592.3 -4.70232 -3.92553 -2.25807
14628.6 -4.70435 -3.92765 -2.257
14660.5 -4.70563 -3.92807 -2.25713
14692.5 -4.71099 -3.92718 -2.25826
14728.8 -4.64358 -3.91368 -2.30954
14760.7 -4.62199 -3.86609 -2.33774
14792.6 -4.61851 -3.83273 -2.35228
14828.9 -4.62595 -3.80622 -2.36005
14860.8 -4.62948 -3.79208 -2.36476
14892.7 -4.63602 -3.78315 -2.369
14929 -4.65194 -3.7597 -2.37331
14962.4 -4.6553 -3.75896 -2.37252
14992.9 -4.65515 -3.75924 -2.37152
15027.7 -4.65104 -3.76062 -2.36919
15059.6 -4.65138 -3.7613 -2.36891
15093 -4.64768 -3.76179 -2.36768
15129.3 -4.64808 -3.76262 -2.36906
15161.2 -4.65116 -3.76071 -2.3699
15193.2 -4.6527 -3.76156 -2.37071
15229.4 -4.65088 -3.76126 -2.37131
15261.4 -4.65141 -3.76268 -2.36883
15275.9 -4.65255 -3.76231 -2.37146
