14.5125 0
46.4399 0.386885
79.8186 0.38765
114.649 0.393032
148.027 0.388283
179.955 0.386961
214.785 0.387827
246.712 0.389122
277.188 0.38893
313.469 0.387943
345.397 0.386141
377.324 0.383857
412.154 0.383694
444.082 0.376012
477.46 0.375757
513.741 0.417741
545.669 0.442397
576.145 0.419794
612.426 0.392675
645.805 0.377096
676.281 0.362578
712.562 0.360868
744.49 0.361
776.417 0.366141
812.698 0.372075
844.626 0.367152
876.553 0.361996
912.834 0.357951
947.664 0.347418
976.689 0.34011
1015.87 0.331047
1046.35 0.318029
1076.83 0.30551
1113.11 0.294264
1145.03 0.287278
1181.32 0.279671
1213.24 0.277899
1245.17 0.26763
1281.45 0.263413
1311.93 0.260162
1345.31 0.260884
1380.14 0.254318
1413.51 0.247147
1443.99 0.246128
1481.72 0.238943
1512.2 0.228483
1545.58 0.220178
1580.41 0.21922
1612.34 0.207273
1644.26 0.205738
1682 0.1988
1713.92 0.182321
1744.4 0.166157
1780.68 0.138645
1814.06 0.115626
1844.54 0.0957383
1882.27 0.0878283
1912.74 0.131666
1944.67 0.158088
1979.5 0.185325
2012.88 0.20605
2044.81 0.211603
2081.09 0.210879
2113.02 0.219604
2144.94 0.214786
2181.22 0.20488
2216.05 0.207116
2246.53 0.200985
2279.91 0.200677
2313.29 0.196423
2345.22 0.191355
2381.5 0.193236
2413.42 0.180375
2448.25 0.178679
2481.63 0.159049
2512.11 0.151554
2548.39 0.138715
2580.32 0.112074
2613.7 0.0941937
2648.53 0.076673
2680.45 0.075986
2712.38 0.0924347
2748.66 0.0997584
2780.59 0.0939514
2812.52 0.0982056
2848.8 0.104887
2880.73 0.100214
2914.1 0.0868279
2948.93 0.090928
2982.31 0.0970216
3012.79 0.0991547
3049.07 0.101739
3081 0.110541
3112.93 0.117007
3149.21 0.127786
3181.13 0.127496
3213.06 0.13594
3249.34 0.134137
3281.27 0.1248
3313.2 0.119331
3349.48 0.124675
3381.41 0.126493
3413.33 0.137227
3448.16 0.141346
3480.09 0.136617
3513.47 0.14049
3548.3 0.136951
3580.23 0.148281
3615.06 0.146186
3648.44 0.152818
3681.81 0.156762
3715.19 0.161258
3748.57 0.164113
3781.95 0.167858
3815.33 0.154866
3848.71 0.157315
3880.64 0.176683
3915.47 0.194434
3948.84 0.198427
3980.77 0.203105
4015.6 0.215516
4051.88 0.224371
4080.91 0.228304
4115.74 0.212525
4149.12 0.202023
4181.04 0.19814
4215.87 0.18537
4249.25 0.174431
4281.18 0.172416
4316.01 0.173638
4349.39 0.154219
4381.32 0.139742
4416.15 0.129633
4449.52 0.125666
4480 0.122282
4514.83 0.120201
4548.21 0.111461
4580.14 0.0990327
4620.77 0.0833077
4648.35 0.0840702
4681.72 0.127075
4715.1 0.193467
4748.48 0.26096
4781.86 0.293931
4815.24 0.265992
4848.62 0.24502
4883.45 0.235258
4915.38 0.227488
4948.76 0.218678
4986.49 0.210534
5015.51 0.203087
5048.89 0.187007
5086.62 0.179409
5115.65 0.169339
5149.03 0.163029
5183.86 0.151456
5215.79 0.133952
5249.16 0.114851
5286.9 0.0935714
5315.92 0.0777681
5349.3 0.0720173
5384.13 0.0882511
5416.06 0.108674
5449.44 0.138997
5484.27 0.162956
5516.19 0.199126
5548.12 0.222027
5585.85 0.249043
5614.88 0.275512
5648.26 0.307932
5685.99 0.313976
5715.01 0.357626
5748.39 0.397663
5786.13 0.430491
5818.05 0.410617
5848.53 0.490985
5883.36 0.489664
5915.29 0.447318
5948.67 0.402015
5986.4 0.36169
6015.42 0.327911
6051.7 0.298766
6083.63 0.2733
6118.46 0.231782
6153.29 0.202286
6183.77 0.170402
6215.69 0.149842
6253.43 0.135975
6286.81 0.116018
6315.83 0.098771
6353.56 0.0808647
6386.94 0.0645247
6415.97 0.0544587
6453.7 0.0708214
6484.18 0.0825424
6516.1 0.096334
6555.29 0.10326
6587.21 0.114035
6619.14 0.126223
6653.97 0.13465
6685.9 0.143103
6714.92 0.152454
6754.11 0.164721
6786.03 0.174618
6815.06 0.193638
6854.24 0.215245
6883.27 0.232978
6915.19 0.251658
6954.38 0.268623
6986.31 0.266096
7015.33 0.257969
7054.51 0.254777
7083.54 0.250557
7115.47 0.247458
7153.2 0.247107
7186.58 0.246403
7221.41 0.247993
7254.79 0.250441
7283.81 0.238637
7321.54 0.238365
7353.47 0.235826
7385.4 0.230025
7421.68 0.21735
7453.61 0.209694
7484.08 0.194539
7520.36 0.177039
7553.74 0.155136
7587.12 0.125055
7620.5 0.0973284
7653.88 0.0916715
7685.81 0.120574
7720.64 0.175171
7752.56 0.209852
7785.94 0.234901
7822.22 0.262365
7854.15 0.296112
7886.08 0.326555
7920.91 0.359601
7952.84 0.354428
7986.22 0.409605
8022.5 0.380804
8055.88 0.426904
8083.45 0.440608
8121.18 0.444005
8154.56 0.391546
8183.59 0.386909
8221.32 0.358904
8253.25 0.335253
8286.62 0.30371
8321.46 0.256516
8351.93 0.246409
8383.86 0.214202
8421.59 0.170744
8453.52 0.154002
8488.35 0.137015
8521.73 0.116551
8555.11 0.0966621
8588.49 0.0809654
8623.32 0.0617904
8653.79 0.0617142
8690.07 0.0785325
8722 0.0913889
8753.93 0.103919
8790.21 0.112334
8820.69 0.121609
8854.07 0.131704
8890.35 0.135835
8923.73 0.145216
8954.2 0.149548
8989.03 0.15789
9022.41 0.1661
9054.34 0.174634
9089.17 0.185159
9121.1 0.195262
9154.48 0.20825
9189.31 0.225703
9221.23 0.237451
9254.61 0.252682
9289.44 0.272561
9321.37 0.292045
9354.75 0.28219
9388.13 0.277973
9421.51 0.269305
9453.44 0.260482
9489.72 0.263237
9521.64 0.265094
9553.57 0.270736
9589.85 0.274553
9620.33 0.275954
9656.61 0.272567
9689.99 0.27193
9721.92 0.272444
9756.75 0.265542
9790.13 0.256775
9822.05 0.248571
9856.88 0.233953
9888.81 0.216713
9920.74 0.162176
9957.02 0.121478
9988.95 0.0738464
10020.9 0.123672
10057.2 0.17605
10089.1 0.232571
10122.5 0.281297
10157.3 0.324276
10190.7 0.366173
10221.2 0.408061
10256 0.432262
10289.4 0.462751
10321.3 0.453198
10356.1 0.424512
10389.5 0.405215
10421.4 0.362907
10456.3 0.327147
10489.6 0.284954
10521.6 0.25919
10557.8 0.235677
10588.3 0.199442
10621.7 0.191379
10656.5 0.1676
10689.9 0.143137
10721.8 0.122982
10756.7 0.108442
10788.6 0.0921187
10822 0.0736586
10858.3 0.0589719
10890.2 0.0757751
10925 0.0884786
10956.9 0.0940932
10988.9 0.104297
11025.1 0.113594
11058.5 0.12132
11089 0.129451
11125.3 0.133451
11157.2 0.138905
11189.1 0.142788
11225.4 0.149798
11257.3 0.155483
11289.3 0.162756
11325.6 0.169612
11357.5 0.180858
11389.4 0.187147
11424.2 0.199841
11456.2 0.212735
11489.5 0.233544
11524.4 0.262085
11556.3 0.287754
11589.7 0.316965
11624.5 0.345263
11656.4 0.376844
11689.8 0.411664
11724.7 0.426375
11756.6 0.423949
11790 0.407122
11824.8 0.392102
11856.7 0.374123
11890.1 0.358641
11924.9 0.358854
11956.9 0.357375
11988.8 0.345138
12025.1 0.339193
12057 0.3176
12093.3 0.313029
12125.2 0.314768
12157.1 0.293207
12192 0.304143
12225.3 0.299973
12255.8 0.300288
12292.1 0.312506
12324 0.330962
12357.4 0.410901
12392.2 0.52188
12425.6 0.405178
12457.5 0.297316
12492.4 0.221127
12524.3 0.182405
12556.2 0.163465
12592.5 0.147083
12625.9 0.137477
12657.8 0.13798
12692.6 0.142944
12724.6 0.150899
12756.5 0.159032
12794.2 0.168304
12824.7 0.174464
12856.6 0.179686
12892.9 0.187588
12924.8 0.194886
12956.8 0.200146
12993.1 0.199149
13025 0.206247
13056.9 0.209512
13093.2 0.206551
13125.1 0.209239
13157 0.212361
13193.3 0.211676
13223.8 0.216801
13257.2 0.225743
13292 0.233477
13325.4 0.245601
13361.7 0.254638
13392.1 0.259119
13424.1 0.276589
13460.4 0.292115
13493.7 0.302548
13524.2 0.30843
13560.5 0.320631
13592.4 0.327222
13625.8 0.330403
13660.6 0.337034
13692.6 0.338263
13724.5 0.33937
13760.8 0.338581
13792.7 0.34009
13824.6 0.305435
13860.9 0.274337
13892.8 0.259336
13924.8 0.259755
13961 0.266365
13993 0.275363
14024.9 0.283857
14061.2 0.291058
14091.7 0.301387
14125 0.311663
14159.9 0.319811
14191.8 0.328435
14225.2 0.336017
14260 0.341049
14293.4 0.349695
14325.3 0.351791
14360.1 0.35324
14392.1 0.354186
14424 0.360192
14458.8 0.363322
14492.2 0.363911
14528.5 0.363004
14561.9 0.364882
14592.3 0.369452
14628.6 0.369328
14660.5 0.371263
14692.5 0.377329
14728.8 0.315702
14760.7 0.308614
14792.6 0.316851
14828.9 0.335548
14860.8 0.345419
14892.7 0.357457
14929 0.385081
14962.4 0.390544
14992.9 0.388435
15027.7 0.38495
15059.6 0.387267
15093 0.385219
15129.3 0.387041
15161.2 0.389662
15193.2 0.388416
15229.4 0.387418
15261.4 0.388947
15275.9 0.392215
