14.5125 0
46.4399 0
79.8186 0.0302409 0.00635997 0.0126897
114.649 0.0302409 0.00635997 0.0126897
148.027 0.0302409 0.00635997 0.0126897
179.955 0.0302168 0.00614497 0.0127073
214.785 0.0302168 0.00614497 0.0127073
246.712 0.0302168 0.00614497 0.0127073
277.188 0.0301951 0.00587988 0.0127232
313.469 0.0301951 0.00587988 0.0127232
345.397 0.0301951 0.00587988 0.0127232
377.324 0.0301756 0.00564129 0.0127375
412.154 0.0301756 0.00564129 0.0127375
444.082 0.0301756 0.00564129 0.0127375
477.46 0.0299794 0.00542657 0.0127503
513.741 0.0299794 0.00542657 0.0127503
545.669 0.0299794 0.00542657 0.0127503
576.145 0.0298029 0.00523331 0.0127619
612.426 0.0298029 0.00523331 0.0127619
645.805 0.0298029 0.00523331 0.0127619
676.281 0.0324835 0.00508451 0.0129548
712.562 0.0324835 0.00508451 0.0129548
744.49 0.0324835 0.00508451 0.0129548
776.417 0.034896 0.00754389 0.0131283
812.698 0.034896 0.00754389 0.0131283
844.626 0.034896 0.00754389 0.0131283
876.553 0.03854 0.00975734 0.0152043
912.834 0.03854 0.00975734 0.0152043
947.664 0.03854 0.00975734 0.0152043
976.689 0.0456595 0.0179571 0.0170728
1015.87 0.0456595 0.0179571 0.0170728
1046.35 0.0456595 0.0179571 0.0170728
1076.83 0.0535507 0.0337793 0.0201457
1113.11 0.0535507 0.0337793 0.0201457
1145.03 0.0535507 0.0337793 0.0201457
1181.32 0.06648 0.0536563 0.0274036
1213.24 0.06648 0.0536563 0.0274036
1245.17 0.06648 0.0536563 0.0274036
1281.45 0.081862 0.0776351 0.0378346
1311.93 0.081862 0.0776351 0.0378346
1345.31 0.081862 0.0776351 0.0378346
1380.14 0.10214 0.102362 0.0511625
1413.51 0.10214 0.102362 0.0511625
1443.99 0.10214 0.102362 0.0511625
1481.72 0.126843 0.131042 0.0668015
1512.2 0.126843 0.131042 0.0668015
1545.58 0.126843 0.131042 0.0668015
1580.41 0.154095 0.160045 0.0835529
1612.34 0.154095 0.160045 0.0835529
1644.26 0.154095 0.160045 0.0835529
1682 0.183822 0.189149 0.100517
1713.92 0.183822 0.189149 0.100517
1744.4 0.183822 0.189149 0.100517
1780.68 0.213184 0.218604 0.117924
1814.06 0.213184 0.218604 0.117924
1844.54 0.213184 0.218604 0.117924
1882.27 0.242888 0.247762 0.134886
1912.74 0.242888 0.247762 0.134886
1944.67 0.242888 0.247762 0.134886
1979.5 0.271465 0.278918 0.151173
2012.88 0.271465 0.278918 0.151173
2044.81 0.271465 0.278918 0.151173
2081.09 0.298954 0.307953 0.165836
2113.02 0.298954 0.307953 0.165836
2144.94 0.298954 0.307953 0.165836
2181.22 0.327857 0.337772 0.179029
2216.05 0.327857 0.337772 0.179029
2246.53 0.327857 0.337772 0.179029
2279.91 0.355862 0.367044 0.190903
2313.29 0.355862 0.367044 0.190903
2345.22 0.355862 0.367044 0.190903
2381.5 0.384148 0.393388 0.201589
2413.42 0.384148 0.393388 0.201589
2448.25 0.384148 0.393388 0.201589
2481.63 0.412037 0.417097 0.211206
2512.11 0.412037 0.417097 0.211206
2548.39 0.412037 0.417097 0.211206
2580.32 0.437736 0.438436 0.219862
2613.7 0.437736 0.438436 0.219862
2648.53 0.437736 0.438436 0.219862
2680.45 0.461408 0.45828 0.227842
2712.38 0.461408 0.45828 0.227842
2748.66 0.461408 0.45828 0.227842
2780.59 0.482868 0.474761 0.235024
2812.52 0.482868 0.474761 0.235024
2848.8 0.482868 0.474761 0.235024
2880.73 0.498188 0.489594 0.240256
2914.1 0.498188 0.489594 0.240256
2948.93 0.498188 0.489594 0.240256
2982.31 0.508774 0.496502 0.244964
3012.79 0.508774 0.496502 0.244964
3049.07 0.508774 0.496502 0.244964
3081 0.517393 0.494277 0.245957
3112.93 0.517393 0.494277 0.245957
3149.21 0.517393 0.494277 0.245957
3181.13 0.520811 0.486637 0.242359
3213.06 0.520811 0.486637 0.242359
3249.34 0.520811 0.486637 0.242359
3281.27 0.520141 0.473671 0.235222
3313.2 0.520141 0.473671 0.235222
3349.48 0.520141 0.473671 0.235222
3381.41 0.512951 0.458801 0.224858
3413.33 0.512951 0.458801 0.224858
3448.16 0.512951 0.458801 0.224858
3480.09 0.500027 0.438993 0.211677
3513.47 0.500027 0.438993 0.211677
3548.3 0.500027 0.438993 0.211677
3580.23 0.483376 0.417974 0.197138
3615.06 0.483376 0.417974 0.197138
3648.44 0.483376 0.417974 0.197138
3681.81 0.463191 0.396345 0.182165
3715.19 0.463191 0.396345 0.182165
3748.57 0.463191 0.396345 0.182165
3781.95 0.442416 0.373769 0.168171
3815.33 0.442416 0.373769 0.168171
3848.71 0.442416 0.373769 0.168171
3880.64 0.420041 0.351348 0.155576
3915.47 0.420041 0.351348 0.155576
3948.84 0.420041 0.351348 0.155576
3980.77 0.39806 0.327288 0.144303
4015.6 0.39806 0.327288 0.144303
4051.88 0.376508 0.30575 0.134157
4080.91 0.376508 0.30575 0.134157
4115.74 0.376508 0.30575 0.134157
4149.12 0.376508 0.30575 0.134157
4181.04 0.352947 0.283097 0.125026
4215.87 0.352947 0.283097 0.125026
4249.25 0.352947 0.283097 0.125026
4281.18 0.329752 0.262247 0.116808
4316.01 0.329752 0.262247 0.116808
4349.39 0.329752 0.262247 0.116808
4381.32 0.305794 0.243777 0.109412
4416.15 0.305794 0.243777 0.109412
4449.52 0.305794 0.243777 0.109412
4480 0.281799 0.227153 0.102755
4514.83 0.281799 0.227153 0.102755
4548.21 0.281799 0.227153 0.102755
4580.14 0.25888 0.212192 0.0967638
4620.77 0.25888 0.212192 0.0967638
4648.35 0.25888 0.212192 0.0967638
4681.72 0.237711 0.198727 0.0901917
4715.1 0.237711 0.198727 0.0901917
4748.48 0.237711 0.198727 0.0901917
4781.86 0.218503 0.186608 0.0839757
4815.24 0.218503 0.186608 0.0839757
4848.62 0.218503 0.186608 0.0839757
4883.45 0.199628 0.175701 0.0776935
4915.38 0.199628 0.175701 0.0776935
4948.76 0.199628 0.175701 0.0776935
4986.49 0.182555 0.165885 0.0718555
5015.51 0.182555 0.165885 0.0718555
5048.89 0.182555 0.165885 0.0718555
5086.62 0.167745 0.157051 0.0666014
5115.65 0.167745 0.157051 0.0666014
5149.03 0.167745 0.157051 0.0666014
5183.86 0.15489 0.147515 0.0618726
5215.79 0.15489 0.147515 0.0618726
5249.16 0.15489 0.147515 0.0618726
5286.9 0.144329 0.138511 0.0576168
5315.92 0.144329 0.138511 0.0576168
5349.3 0.144329 0.138511 0.0576168
5384.13 0.135635 0.130407 0.0537865
5416.06 0.135635 0.130407 0.0537865
5449.44 0.135635 0.130407 0.0537865
5484.27 0.128565 0.122892 0.0503393
5516.19 0.128565 0.122892 0.0503393
5548.12 0.128565 0.122892 0.0503393
5585.85 0.122981 0.11576 0.0476666
5614.88 0.122981 0.11576 0.0476666
5648.26 0.122981 0.11576 0.0476666
5685.99 0.117956 0.108879 0.0456531
5715.01 0.117956 0.108879 0.0456531
5748.39 0.117956 0.108879 0.0456531
5786.13 0.113433 0.102533 0.0439607
5818.05 0.113433 0.102533 0.0439607
5848.53 0.113433 0.102533 0.0439607
5883.36 0.109362 0.0990837 0.0424376
5915.29 0.109362 0.0990837 0.0424376
5948.67 0.109362 0.0990837 0.0424376
5986.4 0.105265 0.0967086 0.0407279
6015.42 0.105265 0.0967086 0.0407279
6051.7 0.101577 0.094571 0.0390143
6083.63 0.101577 0.094571 0.0390143
6118.46 0.101577 0.094571 0.0390143
6153.29 0.0979627 0.0926908 0.0373775
6183.77 0.0979627 0.0926908 0.0373775
6215.69 0.0979627 0.0926908 0.0373775
6253.43 0.0947099 0.0913245 0.0359045
6286.81 0.0947099 0.0913245 0.0359045
6315.83 0.0947099 0.0913245 0.0359045
6353.56 0.0917823 0.0910412 0.034863
6386.94 0.0917823 0.0910412 0.034863
6415.97 0.0917823 0.0910412 0.034863
6453.7 0.0891475 0.0909378 0.0339257
6484.18 0.0891475 0.0909378 0.0339257
6516.1 0.0891475 0.0909378 0.0339257
6555.29 0.0881593 0.0911888 0.0331813
6587.21 0.0881593 0.0911888 0.0331813
6619.14 0.0881593 0.0911888 0.0331813
6653.97 0.0879713 0.0911588 0.0326492
6685.9 0.0879713 0.0911588 0.0326492
6714.92 0.0879713 0.0911588 0.0326492
6754.11 0.0884485 0.09111 0.0321703
6786.03 0.0884485 0.09111 0.0321703
6815.06 0.0884485 0.09111 0.0321703
6854.24 0.0904251 0.0910661 0.0317394
6883.27 0.0904251 0.0910661 0.0317394
6915.19 0.0904251 0.0910661 0.0317394
6954.38 0.092204 0.0910266 0.031489
6986.31 0.092204 0.0910266 0.031489
7015.33 0.092204 0.0910266 0.031489
7054.51 0.0943564 0.090991 0.0313097
7083.54 0.0943564 0.090991 0.0313097
7115.47 0.0943564 0.090991 0.0313097
7153.2 0.0962936 0.0905883 0.0316548
7186.58 0.0962936 0.0905883 0.0316548
7221.41 0.0962936 0.0905883 0.0316548
7254.79 0.0980371 0.0900407 0.0319655
7283.81 0.0980371 0.0900407 0.0319655
7321.54 0.0980371 0.0900407 0.0319655
7353.47 0.0996062 0.0888427 0.0322451
7385.4 0.0996062 0.0888427 0.0322451
7421.68 0.0996062 0.0888427 0.0322451
7453.61 0.101018 0.0877646 0.0325928
7484.08 0.101018 0.0877646 0.0325928
7520.36 0.101018 0.0877646 0.0325928
7553.74 0.101773 0.086616 0.0329057
7587.12 0.101773 0.086616 0.0329057
7620.5 0.101773 0.086616 0.0329057
7653.88 0.102451 0.0823903 0.0331873
7685.81 0.102451 0.0823903 0.0331873
7720.64 0.102451 0.0823903 0.0331873
7752.56 0.103304 0.0785872 0.0327823
7785.94 0.103304 0.0785872 0.0327823
7822.22 0.103304 0.0785872 0.0327823
7854.15 0.106663 0.0756444 0.0325452
7886.08 0.106663 0.0756444 0.0325452
7920.91 0.106663 0.0756444 0.0325452
7952.84 0.110348 0.0730257 0.0325532
7986.22 0.110348 0.0730257 0.0325532
8022.5 0.110348 0.0730257 0.0325532
8055.88 0.113666 0.0711688 0.0333103
8083.45 0.113666 0.0711688 0.0333103
8121.18 0.113666 0.0711688 0.0333103
8154.56 0.116651 0.0694977 0.0339916
8183.59 0.116651 0.0694977 0.0339916
8221.32 0.116651 0.0694977 0.0339916
8253.25 0.119338 0.0679936 0.0346048
8286.62 0.119338 0.0679936 0.0346048
8321.46 0.119338 0.0679936 0.0346048
8351.93 0.121757 0.0668307 0.0351567
8383.86 0.121757 0.0668307 0.0351567
8421.59 0.121757 0.0668307 0.0351567
8453.52 0.123933 0.0657841 0.0356534
8488.35 0.123933 0.0657841 0.0356534
8521.73 0.123933 0.0657841 0.0356534
8555.11 0.125892 0.0650308 0.0361004
8588.49 0.125892 0.0650308 0.0361004
8623.32 0.125892 0.0650308 0.0361004
8653.79 0.127655 0.064591 0.0365028
8690.07 0.127655 0.064591 0.0365028
8722 0.127655 0.064591 0.0365028
8753.93 0.129241 0.0648041 0.0368649
8790.21 0.129241 0.0648041 0.0368649
8820.69 0.129241 0.0648041 0.0368649
8854.07 0.130669 0.0661284 0.0378272
8890.35 0.130669 0.0661284 0.0378272
8923.73 0.130669 0.0661284 0.0378272
8954.2 0.131955 0.0673203 0.0386934
8989.03 0.131955 0.0673203 0.0386934
9022.41 0.131955 0.0673203 0.0386934
9054.34 0.132755 0.068393 0.039693
9089.17 0.132755 0.068393 0.039693
9121.1 0.132755 0.068393 0.039693
9154.48 0.136405 0.0693584 0.0412425
9189.31 0.136405 0.0693584 0.0412425
9221.23 0.136405 0.0693584 0.0412425
9254.61 0.139961 0.0705242 0.0426501
9289.44 0.139961 0.0705242 0.0426501
9321.37 0.139961 0.0705242 0.0426501
9354.75 0.143976 0.072599 0.044718
9388.13 0.143976 0.072599 0.044718
9421.51 0.143976 0.072599 0.044718
9453.44 0.148028 0.0744664 0.046627
9489.72 0.148028 0.0744664 0.046627
9521.64 0.148028 0.0744664 0.046627
9553.57 0.151675 0.076147 0.048445
9589.85 0.151675 0.076147 0.048445
9620.33 0.151675 0.076147 0.048445
9656.61 0.154957 0.0776596 0.0500868
9689.99 0.154957 0.0776596 0.0500868
9721.92 0.154957 0.0776596 0.0500868
9756.75 0.157911 0.0790209 0.0515645
9790.13 0.157911 0.0790209 0.0515645
9822.05 0.157911 0.0790209 0.0515645
9856.88 0.160569 0.080246 0.0528944
9888.81 0.160569 0.080246 0.0528944
9920.74 0.160569 0.080246 0.0528944
9957.02 0.159199 0.0813487 0.0541005
9988.95 0.159199 0.0813487 0.0541005
10020.9 0.159199 0.0813487 0.0541005
10057.2 0.157937 0.0779519 0.0547252
10089.1 0.157937 0.0779519 0.0547252
10122.5 0.157937 0.0779519 0.0547252
10157.3 0.156802 0.0746845 0.0552874
10190.7 0.156802 0.0746845 0.0552874
10221.2 0.156802 0.0746845 0.0552874
10256 0.153695 0.0717439 0.0545601
10289.4 0.153695 0.0717439 0.0545601
10321.3 0.153695 0.0717439 0.0545601
10356.1 0.150359 0.0682278 0.0533739
10389.5 0.150359 0.0682278 0.0533739
10421.4 0.150359 0.0682278 0.0533739
10456.3 0.147357 0.0650633 0.0522469
10489.6 0.147357 0.0650633 0.0522469
10521.6 0.147357 0.0650633 0.0522469
10557.8 0.144654 0.0622152 0.0512326
10588.3 0.144654 0.0622152 0.0512326
10621.7 0.144654 0.0622152 0.0512326
10656.5 0.142222 0.059652 0.0503197
10689.9 0.142222 0.059652 0.0503197
10721.8 0.142222 0.059652 0.0503197
10756.7 0.140033 0.0574596 0.0494982
10788.6 0.140033 0.0574596 0.0494982
10822 0.140033 0.0574596 0.0494982
10858.3 0.138063 0.0553842 0.0487587
10890.2 0.138063 0.0553842 0.0487587
10925 0.138063 0.0553842 0.0487587
10956.9 0.13629 0.0526011 0.0480933
10988.9 0.13629 0.0526011 0.0480933
11025.1 0.13629 0.0526011 0.0480933
11058.5 0.134695 0.0500963 0.0474943
11089 0.134695 0.0500963 0.0474943
11125.3 0.134695 0.0500963 0.0474943
11157.2 0.133259 0.0516611 0.051769
11189.1 0.133259 0.0516611 0.051769
11225.4 0.133259 0.0516611 0.051769
11257.3 0.131966 0.0578479 0.0617119
11289.3 0.131966 0.0578479 0.0617119
11325.6 0.131966 0.0578479 0.0617119
11357.5 0.131749 0.0685495 0.0768463
11389.4 0.131749 0.0685495 0.0768463
11424.2 0.131749 0.0685495 0.0768463
11456.2 0.133808 0.0844149 0.096012
11489.5 0.133808 0.0844149 0.096012
11524.4 0.133808 0.0844149 0.096012
11556.3 0.137663 0.104196 0.117326
11589.7 0.137663 0.104196 0.117326
11624.5 0.137663 0.104196 0.117326
11656.4 0.142022 0.125706 0.137743
11689.8 0.142022 0.125706 0.137743
11724.7 0.142022 0.125706 0.137743
11756.6 0.145945 0.148178 0.157402
11790 0.145945 0.148178 0.157402
11824.8 0.145945 0.148178 0.157402
11856.7 0.149476 0.170472 0.175104
11890.1 0.149476 0.170472 0.175104
11924.9 0.149476 0.170472 0.175104
11956.9 0.152654 0.192197 0.191037
11988.8 0.152654 0.192197 0.191037
12025.1 0.152654 0.192197 0.191037
12057 0.155514 0.213142 0.205376
12093.3 0.155514 0.213142 0.205376
12125.2 0.155514 0.213142 0.205376
12157.1 0.158089 0.231868 0.218281
12192 0.158089 0.231868 0.218281
12225.3 0.158089 0.231868 0.218281
12255.8 0.160405 0.249921 0.229896
12292.1 0.160405 0.249921 0.229896
12324 0.160405 0.249921 0.229896
12357.4 0.162212 0.266523 0.240349
12392.2 0.162212 0.266523 0.240349
12425.6 0.162212 0.266523 0.240349
12457.5 0.162926 0.281492 0.249504
12492.4 0.162926 0.281492 0.249504
12524.3 0.162926 0.281492 0.249504
12556.2 0.162908 0.29528 0.257346
12592.5 0.162908 0.29528 0.257346
12625.9 0.162908 0.29528 0.257346
12657.8 0.162829 0.30769 0.264075
12692.6 0.162829 0.30769 0.264075
12724.6 0.162829 0.30769 0.264075
12756.5 0.163151 0.318858 0.26976
12794.2 0.163151 0.318858 0.26976
12824.7 0.163151 0.318858 0.26976
12856.6 0.16117 0.327583 0.272683
12892.9 0.16117 0.327583 0.272683
12924.8 0.16117 0.327583 0.272683
12956.8 0.155628 0.33121 0.269834
12993.1 0.155628 0.33121 0.269834
13025 0.155628 0.33121 0.269834
13056.9 0.148408 0.329696 0.261173
13093.2 0.148408 0.329696 0.261173
13125.1 0.148408 0.329696 0.261173
13157 0.139106 0.3232 0.247193
13193.3 0.139106 0.3232 0.247193
13223.8 0.139106 0.3232 0.247193
13257.2 0.12947 0.311119 0.229067
13292 0.12947 0.311119 0.229067
13325.4 0.12947 0.311119 0.229067
13361.7 0.120798 0.294744 0.209193
13392.1 0.120798 0.294744 0.209193
13424.1 0.120798 0.294744 0.209193
13460.4 0.112993 0.2763 0.191307
13493.7 0.112993 0.2763 0.191307
13524.2 0.112993 0.2763 0.191307
13560.5 0.105968 0.256587 0.17521
13592.4 0.105968 0.256587 0.17521
13625.8 0.105968 0.256587 0.17521
13660.6 0.0996463 0.236777 0.161333
13692.6 0.0996463 0.236777 0.161333
13724.5 0.0996463 0.236777 0.161333
13760.8 0.0960522 0.217287 0.150437
13792.7 0.0960522 0.217287 0.150437
13824.6 0.0960522 0.217287 0.150437
13860.9 0.0975413 0.198795 0.140512
13892.8 0.0975413 0.198795 0.140512
13924.8 0.0975413 0.198795 0.140512
13961 0.10682 0.182153 0.131221
13993 0.10682 0.182153 0.131221
14024.9 0.10682 0.182153 0.131221
14061.2 0.124686 0.167175 0.122628
14091.7 0.124686 0.167175 0.122628
14125 0.124686 0.167175 0.122628
14159.9 0.140766 0.154763 0.122193
14191.8 0.140766 0.154763 0.122193
14225.2 0.140766 0.154763 0.122193
14260 0.155237 0.163482 0.131489
14293.4 0.155237 0.163482 0.131489
14325.3 0.155237 0.163482 0.131489
14360.1 0.170725 0.195628 0.148286
14392.1 0.170725 0.195628 0.148286
14424 0.170725 0.195628 0.148286
14458.8 0.195336 0.239853 0.169765
14492.2 0.195336 0.239853 0.169765
14528.5 0.195336 0.239853 0.169765
14561.9 0.227086 0.288285 0.193063
14592.3 0.227086 0.288285 0.193063
14628.6 0.227086 0.288285 0.193063
14660.5 0.261644 0.337086 0.216596
14692.5 0.261644 0.337086 0.216596
14728.8 0.261644 0.337086 0.216596
14760.7 0.297743 0.384571 0.23938
14792.6 0.297743 0.384571 0.23938
14828.9 0.297743 0.384571 0.23938
14860.8 0.33293 0.42898 0.261381
14892.7 0.33293 0.42898 0.261381
14929 0.33293 0.42898 0.261381
14962.4 0.367653 0.470028 0.282001
14992.9 0.367653 0.470028 0.282001
15027.7 0.367653 0.470028 0.282001
15059.6 0.397663 0.507555 0.30056
15093 0.397663 0.507555 0.30056
15129.3 0.397663 0.507555 0.30056
15161.2 0.424673 0.54133 0.317263
15193.2 0.424673 0.54133 0.317263
15229.4 0.424673 0.54133 0.317263
15261.4 0.448981 0.571727 0.332296
15275.9 0.448981 0.571727 0.332296
