14.5125 0
46.4399 0
79.8186 1.62496e-06
114.649 1.62496e-06
148.027 1.62496e-06
179.955 1.34861e-06
214.785 1.34861e-06
246.712 1.34861e-06
277.188 1.34861e-06
313.469 1.34861e-06
345.397 1.34861e-06
377.324 1.26834e-06
412.154 1.26834e-06
444.082 1.26834e-06
477.46 1.26834e-06
513.741 1.26834e-06
545.669 1.26834e-06
576.145 3.11465e-06
612.426 3.11465e-06
645.805 3.11465e-06
676.281 2.46808e-05
712.562 2.46808e-05
744.49 2.46808e-05
776.417 7.17465e-05
812.698 7.17465e-05
844.626 7.17465e-05
876.553 0.000341212
912.834 0.000341212
947.664 0.000341212
976.689 0.00104911
1015.87 0.00104911
1046.35 0.00104911
1076.83 0.00394265
1113.11 0.00394265
1145.03 0.00394265
1181.32 0.00851472
1213.24 0.00851472
1245.17 0.00851472
1281.45 0.015825
1311.93 0.015825
1345.31 0.015825
1380.14 0.0282035
1413.51 0.0282035
1443.99 0.0282035
1481.72 0.0394028
1512.2 0.0394028
1545.58 0.0394028
1580.41 0.05155
1612.34 0.05155
1644.26 0.05155
1682 0.0634132
1713.92 0.0634132
1744.4 0.0634132
1780.68 0.0748497
1814.06 0.0748497
1844.54 0.0748497
1882.27 0.0880451
1912.74 0.0880451
1944.67 0.0880451
1979.5 0.0926232
2012.88 0.0926232
2044.81 0.0926232
2081.09 0.106125
2113.02 0.106125
2144.94 0.106125
2181.22 0.114125
2216.05 0.114125
2246.53 0.114125
2279.91 0.119911
2313.29 0.119911
2345.22 0.119911
2381.5 0.124477
2413.42 0.124477
2448.25 0.124477
2481.63 0.125601
2512.11 0.125601
2548.39 0.125601
2580.32 0.128717
2613.7 0.128717
2648.53 0.128717
2680.45 0.126224
2712.38 0.126224
2748.66 0.126224
2780.59 0.113882
2812.52 0.113882
2848.8 0.113882
2880.73 0.0969661
2914.1 0.0969661
2948.93 0.0969661
2982.31 0.0719219
3012.79 0.0719219
3049.07 0.0719219
3081 0.0483968
3112.93 0.0483968
3149.21 0.0483968
3181.13 0.0313809
3213.06 0.0313809
3249.34 0.0313809
3281.27 0.0191675
3313.2 0.0191675
3349.48 0.0191675
3381.41 0.00930844
3413.33 0.00930844
3448.16 0.00930844
3480.09 0.00505829
3513.47 0.00505829
3548.3 0.00505829
3580.23 0.00269165
3615.06 0.00269165
3648.44 0.00269165
3681.81 0.00183991
3715.19 0.00183991
3748.57 0.00183991
3781.95 0.0013809
3815.33 0.0013809
3848.71 0.0013809
3880.64 0.000950116
3915.47 0.000950116
3948.84 0.000950116
3980.77 0.000875237
4015.6 0.000875237
4051.88 0.000478227
4080.91 0.000478227
4115.74 0.000478227
4149.12 0.000478227
4181.04 0.000386725
4215.87 0.000386725
4249.25 0.000386725
4281.18 0.000299568
4316.01 0.000299568
4349.39 0.000299568
4381.32 0.000218768
4416.15 0.000218768
4449.52 0.000218768
4480 0.00017478
4514.83 0.00017478
4548.21 0.00017478
4580.14 0.000113588
4620.77 0.000113588
4648.35 0.000113588
4681.72 9.91724e-05
4715.1 9.91724e-05
4748.48 9.91724e-05
4781.86 4.88096e-05
4815.24 4.88096e-05
4848.62 4.88096e-05
4883.45 4.32737e-05
4915.38 4.32737e-05
4948.76 4.32737e-05
4986.49 5.16082e-05
5015.51 5.16082e-05
5048.89 5.16082e-05
5086.62 4.66924e-05
5115.65 4.66924e-05
5149.03 4.66924e-05
5183.86 5.47052e-05
5215.79 5.47052e-05
5249.16 5.47052e-05
5286.9 6.37115e-05
5315.92 6.37115e-05
5349.3 6.37115e-05
5384.13 6.92893e-05
5416.06 6.92893e-05
5449.44 6.92893e-05
5484.27 8.85684e-05
5516.19 8.85684e-05
5548.12 8.85684e-05
5585.85 9.39998e-05
5614.88 9.39998e-05
5648.26 9.39998e-05
5685.99 9.49153e-05
5715.01 9.49153e-05
5748.39 9.49153e-05
5786.13 0.000142158
5818.05 0.000142158
5848.53 0.000142158
5883.36 0.000130549
5915.29 0.000130549
5948.67 0.000130549
5986.4 0.000121537
6015.42 0.000121537
6051.7 0.000112282
6083.63 0.000112282
6118.46 0.000112282
6153.29 0.00011711
6183.77 0.00011711
6215.69 0.00011711
6253.43 0.000147596
6286.81 0.000147596
6315.83 0.000147596
6353.56 0.000150124
6386.94 0.000150124
6415.97 0.000150124
6453.7 0.000196154
6484.18 0.000196154
6516.1 0.000196154
6555.29 0.000218478
6587.21 0.000218478
6619.14 0.000218478
6653.97 0.000234284
6685.9 0.000234284
6714.92 0.000234284
6754.11 0.000273365
6786.03 0.000273365
6815.06 0.000273365
6854.24 0.000286858
6883.27 0.000286858
6915.19 0.000286858
6954.38 0.000306217
6986.31 0.000306217
7015.33 0.000306217
7054.51 0.000343799
7083.54 0.000343799
7115.47 0.000343799
7153.2 0.000336482 
7186.58 0.000336482
7221.41 0.000336482
7254.79 0.000308603
7283.81 0.000308603
7321.54 0.000308603
7353.47 0.000317129
7385.4 0.000317129
7421.68 0.000317129
7453.61 0.000295803
7484.08 0.000295803
7520.36 0.000295803
7553.74 0.000172023
7587.12 0.000172023
7620.5 0.000172023
7653.88 0.000143442
7685.81 0.000143442
7720.64 0.000143442
7752.56 0.000204647
7785.94 0.000204647
7822.22 0.000204647
7854.15 0.000231587
7886.08 0.000231587
7920.91 0.000231587
7952.84 0.000313597
7986.22 0.000313597
8022.5 0.000313597
8055.88 0.000313597
8083.45 0.000313597
8121.18 0.000313597
8154.56 0.000313597
8183.59 0.000313597
8221.32 0.000313597
8253.25 0.000324583
8286.62 0.000324583
8321.46 0.000324583
8351.93 0.000324583
8383.86 0.000324583
8421.59 0.000324583
8453.52 0.000335443
8488.35 0.000335443
8521.73 0.000335443
8555.11 0.00034916
8588.49 0.00034916
8623.32 0.00034916
8653.79 0.000384227
8690.07 0.000384227
8722 0.000384227
8753.93 0.000520741
8790.21 0.000520741
8820.69 0.000520741
8854.07 0.000520741
8890.35 0.000520741
8923.73 0.000520741
8954.2 0.000531846
8989.03 0.000531846
9022.41 0.000531846
9054.34 0.000729032
9089.17 0.000729032
9121.1 0.000729032
9154.48 0.000770689
9189.31 0.000770689
9221.23 0.000770689
9254.61 0.00104111
9289.44 0.00104111
9321.37 0.00104111
9354.75 0.00107449
9388.13 0.00107449
9421.51 0.00107449
9453.44 0.0010913
9489.72 0.0010913
9521.64 0.0010913
9553.57 0.00109226
9589.85 0.00109226
9620.33 0.00109226
9656.61 0.00109226
9689.99 0.00109226
9721.92 0.00109226
9756.75 0.00109226
9790.13 0.00109226
9822.05 0.00109226
9856.88 0.000870693
9888.81 0.000870693
9920.74 0.000870693
9957.02 0.000419138
9988.95 0.000419138
10020.9 0.000419138
10057.2 0.000400532
10089.1 0.000400532
10122.5 0.000400532
10157.3 0.000273339
10190.7 0.000273339
10221.2 0.000273339
10256 0.000187964
10289.4 0.000187964
10321.3 0.000187964
10356.1 0.000185349
10389.5 0.000185349
10421.4 0.000185349
10456.3 0.000185349
10489.6 0.000185349
10521.6 0.000185349
10557.8 0.000185349
10588.3 0.000185349
10621.7 0.000185349
10656.5 0.000191149
10689.9 0.000191149
10721.8 0.000191149
10756.7 0.000185968
10788.6 0.000185968
10822 0.000185968
10858.3 0.0001396
10890.2 0.0001396
10925 0.0001396
10956.9 0.0001396
10988.9 0.0001396
11025.1 0.0001396
11058.5 0.000713922
11089 0.000713922
11125.3 0.000713922
11157.2 0.00206558
11189.1 0.00206558
11225.4 0.00206558
11257.3 0.00455915
11289.3 0.00455915
11325.6 0.00455915
11357.5 0.00929317
11389.4 0.00929317
11424.2 0.00929317
11456.2 0.0150381
11489.5 0.0150381
11524.4 0.0150381
11556.3 0.018606
11589.7 0.018606
11624.5 0.018606
11656.4 0.0212359
11689.8 0.0212359
11724.7 0.0212359
11756.6 0.0224958
11790 0.0224958
11824.8 0.0224958
11856.7 0.0235028
11890.1 0.0235028
11924.9 0.0235028
11956.9 0.024347
11988.8 0.024347
12025.1 0.024347
12057 0.0242713
12093.3 0.0242713
12125.2 0.0242713
12157.1 0.0249982
12192 0.0249982
12225.3 0.0249982
12255.8 0.0248265
12292.1 0.0248265
12324 0.0248265
12357.4 0.0233935
12392.2 0.0233935
12425.6 0.0233935
12457.5 0.0223808
12492.4 0.0223808
12524.3 0.0223808
12556.2 0.0220723
12592.5 0.0220723
12625.9 0.0220723
12657.8 0.0223473
12692.6 0.0223473
12724.6 0.0223473
12756.5 0.0174047
12794.2 0.0174047
12824.7 0.0174047
12856.6 0.00939575
12892.9 0.00939575
12924.8 0.00939575
12956.8 0.00483208
12993.1 0.00483208
13025 0.00483208
13056.9 0.00177953
13093.2 0.00177953
13125.1 0.00177953
13157 0.000570389
13193.3 0.000570389
13223.8 0.000570389
13257.2 0.000191095
13292 0.000191095
13325.4 0.000191095
13361.7 0.000143029
13392.1 0.000143029
13424.1 0.000143029
13460.4 0.000102656
13493.7 0.000102656
13524.2 0.000102656
13560.5 9.11047e-05
13592.4 9.11047e-05
13625.8 9.11047e-05
13660.6 0.000139713
13692.6 0.000139713
13724.5 0.000139713
13760.8 0.000183833
13792.7 0.000183833
13824.6 0.000183833
13860.9 0.00029334
13892.8 0.00029334
13924.8 0.00029334
13961 0.000418559
13993 0.000418559
14024.9 0.000418559
14061.2 0.00145373
14091.7 0.00145373
14125 0.00145373
14159.9 0.0148619
14191.8 0.0148619
14225.2 0.0148619
14260 0.0450349 
14293.4 0.0450349
14325.3 0.0450349
14360.1 0.0965366
14392.1 0.0965366
14424 0.0965366
14458.8 0.149573
14492.2 0.149573
14528.5 0.149573
14561.9 0.190448
14592.3 0.190448
14628.6 0.190448
14660.5 0.22468
14692.5 0.22468
14728.8 0.22468
14760.7 0.247291
14792.6 0.247291
14828.9 0.247291
14860.8 0.266974
14892.7 0.266974
14929 0.266974
14962.4 0.263935
14992.9 0.263935
15027.7 0.263935
15059.6 0.263935
15093 0.263935
15129.3 0.263935
15161.2 0.263935
15193.2 0.263935
15229.4 0.263935
15261.4 0.256098
15275.9 0.256098
