14.5125 0
46.4399 0.581414
79.8186 0.582368
114.649 0.585329
148.027 0.583687
179.955 0.577356
214.785 0.579525
246.712 0.578771
277.188 0.57878
313.469 0.579593
345.397 0.578484
377.324 0.572942
412.154 0.57405
444.082 0.555468
477.46 0.552926
513.741 0.633868
545.669 0.677868
576.145 0.639352
612.426 0.592261
645.805 0.563851
676.281 0.544203
712.562 0.538059
744.49 0.535105
776.417 0.535934
812.698 0.541609
844.626 0.542958
876.553 0.539582
912.834 0.527308
947.664 0.511028
976.689 0.49802
1015.87 0.481809
1046.35 0.465795
1076.83 0.448653
1113.11 0.434525
1145.03 0.423772
1181.32 0.415483
1213.24 0.409728
1245.17 0.392503
1281.45 0.381677
1311.93 0.382282
1345.31 0.381213
1380.14 0.366731
1413.51 0.350567
1443.99 0.34413
1481.72 0.336044
1512.2 0.314819
1545.58 0.294624
1580.41 0.286506
1612.34 0.263462
1644.26 0.260804
1682 0.245456
1713.92 0.217158
1744.4 0.182367
1780.68 0.128522
1814.06 0.0819711
1844.54 0.0461807
1882.27 0.0327199
1912.74 0.117534
1944.67 0.175277
1979.5 0.232547
2012.88 0.271216
2044.81 0.281893
2081.09 0.282001
2113.02 0.299741
2144.94 0.294815
2181.22 0.280475
2216.05 0.280933
2246.53 0.268765
2279.91 0.271174
2313.29 0.261225
2345.22 0.247925
2381.5 0.246079
2413.42 0.224054
2448.25 0.217928
2481.63 0.176362
2512.11 0.159233
2548.39 0.13108
2580.32 0.0757733
2613.7 0.0394772
2648.53 0.00582922
2680.45 0.00179886
2712.38 0.0383393
2748.66 0.0523261
2780.59 0.0409489
2812.52 0.0523372
2848.8 0.0644962
2880.73 0.0514137
2914.1 0.0232608
2948.93 0.0309105
2982.31 0.0442106
3012.79 0.0470456
3049.07 0.0564984
3081 0.0778383
3112.93 0.0907284
3149.21 0.110354
3181.13 0.109169
3213.06 0.122682
3249.34 0.11691
3281.27 0.0989532
3313.2 0.0918912
3349.48 0.100902
3381.41 0.103784
3413.33 0.126157
3448.16 0.135079
3480.09 0.126931
3513.47 0.133299
3548.3 0.127428
3580.23 0.151713
3615.06 0.147069
3648.44 0.15765
3681.81 0.1647
3715.19 0.174891
3748.57 0.179311
3781.95 0.188869
3815.33 0.160114
3848.71 0.166016
3880.64 0.204436
3915.47 0.239672
3948.84 0.248805
3980.77 0.261381
4015.6 0.283397
4051.88 0.302026
4080.91 0.30849
4115.74 0.277713
4149.12 0.257396
4181.04 0.253951
4215.87 0.227059
4249.25 0.208524
4281.18 0.207258
4316.01 0.200167
4349.39 0.160779
4381.32 0.131284
4416.15 0.114487
4449.52 0.107582
4480 0.100602
4514.83 0.0913618
4548.21 0.0782774
4580.14 0.056022
4620.77 0.0257828
4648.35 0.0295708
4681.72 0.113334
4715.1 0.238462
4748.48 0.375723
4781.86 0.44297
4815.24 0.386989
4848.62 0.349896
4883.45 0.331567
4915.38 0.314622
4948.76 0.294889
4986.49 0.283935
5015.51 0.278121
5048.89 0.249221
5086.62 0.224885
5115.65 0.202983
5149.03 0.181228
5183.86 0.161585
5215.79 0.126136
5249.16 0.0910036
5286.9 0.0532944
5315.92 0.0236129
5349.3 0.010659
5384.13 0.0536101
5416.06 0.0904485
5449.44 0.159719
5484.27 0.206388
5516.19 0.266634
5548.12 0.317621
5585.85 0.376419
5614.88 0.426943
5648.26 0.481621
5685.99 0.531786
5715.01 0.594116
5748.39 0.656089
5786.13 0.717943
5818.05 0.799365
5848.53 0.84536
5883.36 0.89592
5915.29 0.834362
5948.67 0.783108
5986.4 0.712183
6015.42 0.651431
6051.7 0.574029
6083.63 0.507408
6118.46 0.438089
6153.29 0.373405
6183.77 0.305933
6215.69 0.245437
6253.43 0.193574
6286.81 0.140741
6315.83 0.0978053
6353.56 0.0586295
6386.94 0.0229203
6415.97 0.0058401
6453.7 0.0272112
6484.18 0.0520122
6516.1 0.0720502
6555.29 0.0843625
6587.21 0.102501
6619.14 0.119897
6653.97 0.139087
6685.9 0.156228
6714.92 0.173705
6754.11 0.198372
6786.03 0.223823
6815.06 0.252487
6854.24 0.289389
6883.27 0.329626
6915.19 0.370534
6954.38 0.407772
6986.31 0.396677
7015.33 0.377476
7054.51 0.36716
7083.54 0.361179
7115.47 0.357464
7153.2 0.352597
7186.58 0.353581
7221.41 0.355106
7254.79 0.359226
7283.81 0.334808
7321.54 0.33469
7353.47 0.32722
7385.4 0.316316
7421.68 0.294248
7453.61 0.27149
7484.08 0.245672
7520.36 0.211279
7553.74 0.16611
7587.12 0.111442
7620.5 0.05881
7653.88 0.0634778
7685.81 0.125521
7720.64 0.216952
7752.56 0.292217
7785.94 0.347086
7822.22 0.400906
7854.15 0.470843
7886.08 0.531961
7920.91 0.592589
7952.84 0.648216
7986.22 0.710508 
8022.5 0.761522
8055.88 0.809102
8083.45 0.856924
8121.18 0.819716
8154.56 0.751821
8183.59 0.692453
8221.32 0.63343
8253.25 0.573235
8286.62 0.507447
8321.46 0.451679
8351.93 0.401134
8383.86 0.334683
8421.59 0.274397
8453.52 0.221786
8488.35 0.179983
8521.73 0.135692
8555.11 0.0965547
8588.49 0.0569839
8623.32 0.0190709
8653.79 0.0116384
8690.07 0.0437539
8722 0.071661
8753.93 0.0872061
8790.21 0.107843
8820.69 0.12655
8854.07 0.143516
8890.35 0.154092
8923.73 0.165143
8954.2 0.175832
8989.03 0.188668
9022.41 0.203211
9054.34 0.223311
9089.17 0.236649
9121.1 0.255884
9154.48 0.280946
9189.31 0.309654
9221.23 0.336321
9254.61 0.36684
9289.44 0.409272
9321.37 0.44563
9354.75 0.427482
9388.13 0.41782
9421.51 0.403704
9453.44 0.386423
9489.72 0.392711
9521.64 0.396624
9553.57 0.409232
9589.85 0.419682
9620.33 0.413112
9656.61 0.408212
9689.99 0.404091
9721.92 0.404406
9756.75 0.391388
9790.13 0.372757
9822.05 0.357382
9856.88 0.331653
9888.81 0.292024
9920.74 0.185449
9957.02 0.102349
9988.95 0.00539988
10020.9 0.103258
10057.2 0.211591
10089.1 0.327934
10122.5 0.427627
10157.3 0.520688
10190.7 0.607264
10221.2 0.685812
10256 0.751662
10289.4 0.818293
10321.3 0.809593
10356.1 0.755148
10389.5 0.696
10421.4 0.619447
10456.3 0.555655
10489.6 0.48632
10521.6 0.435095
10557.8 0.376827
10588.3 0.31982
10621.7 0.283619
10656.5 0.233494
10689.9 0.179166
10721.8 0.142543
10756.7 0.102515
10788.6 0.0695093
10822 0.0305906
10858.3 0.000156007
10890.2 0.0297699
10925 0.0527468
10956.9 0.0629359
10988.9 0.0816149
11025.1 0.0976773
11058.5 0.113675
11089 0.124748
11125.3 0.132597
11157.2 0.143083
11189.1 0.153424
11225.4 0.16384
11257.3 0.173377
11289.3 0.186213
11325.6 0.198141
11357.5 0.219539
11389.4 0.237439
11424.2 0.265191
11456.2 0.291213
11489.5 0.331824
11524.4 0.387661
11556.3 0.439624
11589.7 0.497967
11624.5 0.553989
11656.4 0.615892
11689.8 0.685428
11724.7 0.719536
11756.6 0.712339
11790 0.675129
11824.8 0.647961
11856.7 0.613113
11890.1 0.581315
11924.9 0.579388
11956.9 0.574754
11988.8 0.553046
12025.1 0.542365
12057 0.496314
12093.3 0.488129
12125.2 0.49048
12157.1 0.451031
12192 0.473741
12225.3 0.461885
12255.8 0.461548
12292.1 0.487407
12324 0.522433
12357.4 0.683203
12392.2 0.906326
12425.6 0.670639
12457.5 0.453843
12492.4 0.305481
12524.3 0.228289
12556.2 0.191646
12592.5 0.15789
12625.9 0.140567
12657.8 0.142182
12692.6 0.155262
12724.6 0.172055
12756.5 0.186635
12794.2 0.202424
12824.7 0.214578
12856.6 0.228099
12892.9 0.244055
12924.8 0.262084
12956.8 0.271163
12993.1 0.269609
13025 0.280576
13056.9 0.286959
13093.2 0.283527
13125.1 0.286748
13157 0.292589
13193.3 0.292081
13223.8 0.303157
13257.2 0.317488
13292 0.331523
13325.4 0.353482
13361.7 0.372411
13392.1 0.389376
13424.1 0.416857
13460.4 0.44485
13493.7 0.462545
13524.2 0.474661
13560.5 0.49121
13592.4 0.503329
13625.8 0.51366
13660.6 0.518943
13692.6 0.519637
13724.5 0.517143
13760.8 0.512354
13792.7 0.508481
13824.6 0.427381
13860.9 0.364994
13892.8 0.33356
13924.8 0.327337
13961 0.331364
13993 0.341165
14024.9 0.352396
14061.2 0.367494
14091.7 0.384514
14125 0.400694
14159.9 0.413122
14191.8 0.4276
14225.2 0.44369
14260 0.455305
14293.4 0.466852
14325.3 0.473123
14360.1 0.479097
14392.1 0.485022
14424 0.490959
14458.8 0.50073
14492.2 0.502628
14528.5 0.505185
14561.9 0.511859
14592.3 0.515752
14628.6 0.519061
14660.5 0.525079
14692.5 0.529346
14728.8 0.411727
14760.7 0.395527
14792.6 0.417797
14828.9 0.445707
14860.8 0.47415
14892.7 0.493109
14929 0.553573
14962.4 0.561212
14992.9 0.559299
15027.7 0.555815
15059.6 0.558201
15093 0.556658
15129.3 0.555815
15161.2 0.557643
15193.2 0.559261
15229.4 0.557805
15261.4 0.563026
15275.9 0.565234
