14.5125 0
46.4399 0
79.8186 0.000457764
114.649 0.000457764
148.027 0.000457764
179.955 0.00043869
214.785 0.00043869
246.712 0.00043869
277.188 0.000235558
313.469 0.000235558
345.397 0.000235558
377.324 0.000118256
412.154 0.000118256
444.082 0.000118256
477.46 0.00109005
513.741 0.00109005
545.669 0.00109005
576.145 0.00031662
612.426 0.00031662
645.805 0.00031662
676.281 0.00159931
712.562 0.00159931
744.49 0.00159931
776.417 0.00135422
812.698 0.00135422
844.626 0.00135422
876.553 0.00376987
912.834 0.00376987
947.664 0.00376987
976.689 0.0064497
1015.87 0.0064497
1046.35 0.0064497
1076.83 0.0104818
1113.11 0.0104818
1145.03 0.0104818
1181.32 0.0147429
1213.24 0.0147429
1245.17 0.0147429
1281.45 0.0194092
1311.93 0.0194092
1345.31 0.0194092
1380.14 0.0227404
1413.51 0.0227404
1443.99 0.0227404
1481.72 0.0273228
1512.2 0.0273228
1545.58 0.0273228
1580.41 0.0308723
1612.34 0.0308723
1644.26 0.0308723
1682 0.0335608
1713.92 0.0335608
1744.4 0.0335608
1780.68 0.0365763
1814.06 0.0365763
1844.54 0.0365763
1882.27 0.0386238
1912.74 0.0386238
1944.67 0.0386238
1979.5 0.0409737
2012.88 0.0409737
2044.81 0.0409737
2081.09 0.0418339
2113.02 0.0418339
2144.94 0.0418339
2181.22 0.0444679
2216.05 0.0444679
2246.53 0.0444679
2279.91 0.0457954
2313.29 0.0457954
2345.22 0.0457954
2381.5 0.0466986
2413.42 0.0466986
2448.25 0.0466986
2481.63 0.0478239
2512.11 0.0478239
2548.39 0.0478239
2580.32 0.048008
2613.7 0.048008
2648.53 0.048008
2680.45 0.0471621
2712.38 0.0471621
2748.66 0.0471621
2780.59 0.0480928
2812.52 0.0480928
2848.8 0.0480928
2880.73 0.0462551
2914.1 0.0462551
2948.93 0.0462551
2982.31 0.0425205
3012.79 0.0425205
3049.07 0.0425205
3081 0.0388041
3112.93 0.0388041
3149.21 0.0388041
3181.13 0.0353489
3213.06 0.0353489
3249.34 0.0353489
3281.27 0.0319071
3313.2 0.0319071
3349.48 0.0319071
3381.41 0.027936
3413.33 0.027936
3448.16 0.027936
3480.09 0.0230684
3513.47 0.0230684
3548.3 0.0230684
3580.23 0.0197048
3615.06 0.0197048
3648.44 0.0197048
3681.81 0.0165625
3715.19 0.0165625
3748.57 0.0165625
3781.95 0.0144634
3815.33 0.0144634
3848.71 0.0144634
3880.64 0.0121717
3915.47 0.0121717
3948.84 0.0121717
3980.77 0.0107498
4015.6 0.0107498
4051.88 0.0098362
4080.91 0.0098362
4115.74 0.0098362
4149.12 0.0098362
4181.04 0.00738335
4215.87 0.00738335
4249.25 0.00738335
4281.18 0.00658321
4316.01 0.00658321
4349.39 0.00658321
4381.32 0.00537491
4416.15 0.00537491
4449.52 0.00537491
4480 0.00435066
4514.83 0.00435066
4548.21 0.00435066
4580.14 0.00368881
4620.77 0.00368881
4648.35 0.00368881
4681.72 0.00288963
4715.1 0.00288963
4748.48 0.00288963
4781.86 0.00211048
4815.24 0.00211048
4848.62 0.00211048
4883.45 0.00170135
4915.38 0.00170135
4948.76 0.00170135
4986.49 0.00260544
5015.51 0.00260544
5048.89 0.00260544
5086.62 0.00306606
5115.65 0.00306606
5149.03 0.00306606
5183.86 0.00221825
5215.79 0.00221825
5249.16 0.00221825
5286.9 0.00189114
5315.92 0.00189114
5349.3 0.00189114
5384.13 0.00216293
5416.06 0.00216293
5449.44 0.00216293
5484.27 0.00230312
5516.19 0.00230312
5548.12 0.00230312
5585.85 0.00318718
5614.88 0.00318718
5648.26 0.00318718
5685.99 0.00296974
5715.01 0.00296974
5748.39 0.00296974
5786.13 0.00344181
5818.05 0.00344181
5848.53 0.00344181
5883.36 0.00388241
5915.29 0.00388241
5948.67 0.00388241
5986.4 0.00316048
6015.42 0.00316048
6051.7 0.00365067
6083.63 0.00365067
6118.46 0.00365067
6153.29 0.003582
6183.77 0.003582
6215.69 0.003582
6253.43 0.00464535
6286.81 0.00464535
6315.83 0.00464535
6353.56 0.0050602
6386.94 0.0050602
6415.97 0.0050602
6453.7 0.00522423
6484.18 0.00522423
6516.1 0.00522423
6555.29 0.00492573
6587.21 0.00492573
6619.14 0.00492573
6653.97 0.00454426
6685.9 0.00454426
6714.92 0.00454426
6754.11 0.00414753
6786.03 0.00414753
6815.06 0.00414753
6854.24 0.00387859
6883.27 0.00387859
6915.19 0.00387859
6954.38 0.00431538
6986.31 0.00431538
7015.33 0.00431538
7054.51 0.00436592
7083.54 0.00436592
7115.47 0.00436592
7153.2 0.00444126
7186.58 0.00444126
7221.41 0.00444126
7254.79 0.00432491
7283.81 0.00432491
7321.54 0.00432491
7353.47 0.00407982
7385.4 0.00407982 
7421.68 0.00407982
7453.61 0.00300407
7484.08 0.00300407
7520.36 0.00300407
7553.74 0.00257397
7587.12 0.00257397
7620.5 0.00257397
7653.88 0.00256252
7685.81 0.00256252
7720.64 0.00256252
7752.56 0.000706673
7785.94 0.000706673
7822.22 0.000706673
7854.15 0.00168514
7886.08 0.00168514
7920.91 0.00168514
7952.84 0.00225353
7986.22 0.00225353
8022.5 0.00225353
8055.88 0.0018816
8083.45 0.0018816
8121.18 0.0018816
8154.56 0.00188637
8183.59 0.00188637
8221.32 0.00188637
8253.25 0.00263119
8286.62 0.00263119
8321.46 0.00263119
8351.93 0.00188541
8383.86 0.00188541
8421.59 0.00188541
8453.52 0.00175953
8488.35 0.00175953
8521.73 0.00175953
8555.11 0.00133991
8588.49 0.00133991
8623.32 0.00133991
8653.79 0.0011282
8690.07 0.0011282
8722 0.0011282
8753.93 0.00279427
8790.21 0.00279427
8820.69 0.00279427
8854.07 0.00136375
8890.35 0.00136375
8923.73 0.00136375
8954.2 0.0017662
8989.03 0.0017662
9022.41 0.0017662
9054.34 0.00303173
9089.17 0.00303173
9121.1 0.00303173
9154.48 0.00382805
9189.31 0.00382805
9221.23 0.00382805
9254.61 0.00476265
9289.44 0.00476265
9321.37 0.00476265
9354.75 0.00557804
9388.13 0.00557804
9421.51 0.00557804
9453.44 0.00597858
9489.72 0.00597858
9521.64 0.00597858
9553.57 0.00652504
9589.85 0.00652504
9620.33 0.00652504
9656.61 0.00585938
9689.99 0.00585938
9721.92 0.00585938
9756.75 0.00619984
9790.13 0.00619984
9822.05 0.00619984
9856.88 0.00710678
9888.81 0.00710678
9920.74 0.00710678
9957.02 0.00647068
9988.95 0.00647068
10020.9 0.00647068
10057.2 0.00485992
10089.1 0.00485992
10122.5 0.00485992
10157.3 0.00292969
10190.7 0.00292969
10221.2 0.00292969
10256 0.002738
10289.4 0.002738
10321.3 0.002738
10356.1 0.00219345
10389.5 0.00219345
10421.4 0.00219345
10456.3 0.00137901
10489.6 0.00137901
10521.6 0.00137901
10557.8 0.00169849
10588.3 0.00169849
10621.7 0.00169849
10656.5 0.00204754
10689.9 0.00204754
10721.8 0.00204754
10756.7 0.00144672
10788.6 0.00144672
10822 0.00144672
10858.3 0.00222111
10890.2 0.00222111
10925 0.00222111
10956.9 0.00240326
10988.9 0.00240326
11025.1 0.00240326
11058.5 0.00447178
11089 0.00447178
11125.3 0.00447178
11157.2 0.00768375
11189.1 0.00768375
11225.4 0.00768375
11257.3 0.0110846
11289.3 0.0110846
11325.6 0.0110846
11357.5 0.0153227
11389.4 0.0153227
11424.2 0.0153227
11456.2 0.0190001
11489.5 0.0190001
11524.4 0.0190001
11556.3 0.0210428
11589.7 0.0210428
11624.5 0.0210428
11656.4 0.022789
11689.8 0.022789
11724.7 0.022789
11756.6 0.0236559
11790 0.0236559
11824.8 0.0236559
11856.7 0.0244541
11890.1 0.0244541
11924.9 0.0244541
11956.9 0.0255947
11988.8 0.0255947
12025.1 0.0255947
12057 0.026206
12093.3 0.026206
12125.2 0.026206
12157.1 0.0272846
12192 0.0272846
12225.3 0.0272846
12255.8 0.0265789
12292.1 0.0265789
12324 0.0265789
12357.4 0.0263643
12392.2 0.0263643
12425.6 0.0263643
12457.5 0.0269833
12492.4 0.0269833
12524.3 0.0269833
12556.2 0.0265512
12592.5 0.0265512
12625.9 0.0265512
12657.8 0.0265207
12692.6 0.0265207
12724.6 0.0265207
12756.5 0.0267735
12794.2 0.0267735
12824.7 0.0267735
12856.6 0.026391
12892.9 0.026391
12924.8 0.026391
12956.8 0.0247498
12993.1 0.0247498
13025 0.0247498
13056.9 0.0214958
13093.2 0.0214958
13125.1 0.0214958
13157 0.0177202
13193.3 0.0177202
13223.8 0.0177202
13257.2 0.0136814
13292 0.0136814
13325.4 0.0136814
13361.7 0.0100842
13392.1 0.0100842
13424.1 0.0100842
13460.4 0.00724316
13493.7 0.00724316
13524.2 0.00724316
13560.5 0.00533676
13592.4 0.00533676
13625.8 0.00533676
13660.6 0.00382996
13692.6 0.00382996
13724.5 0.00382996
13760.8 0.00504017
13792.7 0.00504017
13824.6 0.00504017
13860.9 0.00832081
13892.8 0.00832081
13924.8 0.00832081
13961 0.0130806
13993 0.0130806
14024.9 0.0130806
14061.2 0.0082922
14091.7 0.0082922
14125 0.0082922
14159.9 0.0154772
14191.8 0.0154772
14225.2 0.0154772
14260 0.0295134
14293.4 0.0295134
14325.3 0.0295134
14360.1 0.0395908
14392.1 0.0395908
14424 0.0395908
14458.8 0.046237
14492.2 0.046237
14528.5 0.046237
14561.9 0.0504103
14592.3 0.0504103
14628.6 0.0504103
14660.5 0.053093
14692.5 0.053093
14728.8 0.053093
14760.7 0.0549021
14792.6 0.0549021 
14828.9 0.0549021
14860.8 0.057086
14892.7 0.057086
14929 0.057086
14962.4 0.0497456
14992.9 0.0497456
15027.7 0.0497456
15059.6 0.0350761
15093 0.0350761
15129.3 0.0350761
15161.2 0.0270329
15193.2 0.0270329
15229.4 0.0270329
15261.4 0.0241928
15275.9 0.0241928
